{"transition tensor": [[[0.3333333333333333, 0.3333333333333333, 0.3333333333333333], [0.3333333333333333, 0.3333333333333333, 0.3333333333333333], [0.3333333333333333, 0.3333333333333333, 0.3333333333333333]], [[0.3333333333333333, 0.3333333333333333, 0.3333333333333333], [0.3333333333333333, 0.3333333333333333, 0.3333333333333333], [0.3333333333333333, 0.3333333333333333, 0.3333333333333333]], [[0.3333333333333333, 0.3333333333333333, 0.3333333333333333], [0.3333333333333333, 0.3333333333333333, 0.3333333333333333], [0.3333333333333333, 0.3333333333333333, 0.3333333333333333]]]}
{"transition tensor": [[[0.3333333333333333, 0.3333333333333333, 0.3333333333333333], [0.3333333333333333, 0.3333333333333333, 0.3333333333333333], [0.3333333333333333, 0.3333333333333333, 0.3333333333333333]], [[0.3333333333333333, 0.3333333333333333, 0.3333333333333333], [0.3333333333333333, 0.3333333333333333, 0.3333333333333333], [0.3333333333333333, 0.3333333333333333, 0.3333333333333333]], [[0.3333333333333333, 0.3333333333333333, 0.3333333333333333], [0.3333333333333333, 0.3333333333333333, 0.3333333333333333], [0.3333333333333333, 0.3333333333333333, 0.3333333333333333]]]}
{"transition tensor": [[[0.3333333333333333, 0.3333333333333333, 0.3333333333333333], [0.3333333333333333, 0.3333333333333333, 0.3333333333333333], [0.3333333333333333, 0.3333333333333333, 0.3333333333333333]], [[0.3333333333333333, 0.3333333333333333, 0.3333333333333333], [0.3333333333333333, 0.3333333333333333, 0.3333333333333333], [0.25, 0.25, 0.5]], [[0.3333333333333333, 0.3333333333333333, 0.3333333333333333], [0.3333333333333333, 0.3333333333333333, 0.3333333333333333], [0.3333333333333333, 0.3333333333333333, 0.3333333333333333]]]}
{"transition tensor": [[[0.3333333333333333, 0.3333333333333333, 0.3333333333333333], [0.3333333333333333, 0.3333333333333333, 0.3333333333333333], [0.3333333333333333, 0.3333333333333333, 0.3333333333333333]], [[0.3333333333333333, 0.3333333333333333, 0.3333333333333333], [0.3333333333333333, 0.3333333333333333, 0.3333333333333333], [0.25, 0.25, 0.5]], [[0.25, 0.25, 0.5], [0.3333333333333333, 0.3333333333333333, 0.3333333333333333], [0.3333333333333333, 0.3333333333333333, 0.3333333333333333]]]}
{"transition tensor": [[[0.3333333333333333, 0.3333333333333333, 0.3333333333333333], [0.3333333333333333, 0.3333333333333333, 0.3333333333333333], [0.3333333333333333, 0.3333333333333333, 0.3333333333333333]], [[0.3333333333333333, 0.3333333333333333, 0.3333333333333333], [0.3333333333333333, 0.3333333333333333, 0.3333333333333333], [0.25, 0.25, 0.5]], [[0.2, 0.2, 0.6], [0.3333333333333333, 0.3333333333333333, 0.3333333333333333], [0.3333333333333333, 0.3333333333333333, 0.3333333333333333]]]}
{"transition tensor": [[[0.3333333333333333, 0.3333333333333333, 0.3333333333333333], [0.3333333333333333, 0.3333333333333333, 0.3333333333333333], [0.3333333333333333, 0.3333333333333333, 0.3333333333333333]], [[0.3333333333333333, 0.3333333333333333, 0.3333333333333333], [0.3333333333333333, 0.3333333333333333, 0.3333333333333333], [0.25, 0.25, 0.5]], [[0.16666666666666666, 0.3333333333333333, 0.5], [0.3333333333333333, 0.3333333333333333, 0.3333333333333333], [0.3333333333333333, 0.3333333333333333, 0.3333333333333333]]]}
{"transition tensor": [[[0.3333333333333333, 0.3333333333333333, 0.3333333333333333], [0.3333333333333333, 0.3333333333333333, 0.3333333333333333], [0.3333333333333333, 0.3333333333333333, 0.3333333333333333]], [[0.25, 0.25, 0.5], [0.3333333333333333, 0.3333333333333333, 0.3333333333333333], [0.25, 0.25, 0.5]], [[0.16666666666666666, 0.3333333333333333, 0.5], [0.3333333333333333, 0.3333333333333333, 0.3333333333333333], [0.3333333333333333, 0.3333333333333333, 0.3333333333333333]]]}
{"transition tensor": [[[0.3333333333333333, 0.3333333333333333, 0.3333333333333333], [0.3333333333333333, 0.3333333333333333, 0.3333333333333333], [0.3333333333333333, 0.3333333333333333, 0.3333333333333333]], [[0.25, 0.25, 0.5], [0.3333333333333333, 0.3333333333333333, 0.3333333333333333], [0.25, 0.25, 0.5]], [[0.16666666666666666, 0.3333333333333333, 0.5], [0.3333333333333333, 0.3333333333333333, 0.3333333333333333], [0.5, 0.25, 0.25]]]}
{"transition tensor": [[[0.3333333333333333, 0.3333333333333333, 0.3333333333333333], [0.25, 0.25, 0.5], [0.3333333333333333, 0.3333333333333333, 0.3333333333333333]], [[0.25, 0.25, 0.5], [0.3333333333333333, 0.3333333333333333, 0.3333333333333333], [0.25, 0.25, 0.5]], [[0.16666666666666666, 0.3333333333333333, 0.5], [0.3333333333333333, 0.3333333333333333, 0.3333333333333333], [0.5, 0.25, 0.25]]]}
{"transition tensor": [[[0.3333333333333333, 0.3333333333333333, 0.3333333333333333], [0.25, 0.25, 0.5], [0.3333333333333333, 0.3333333333333333, 0.3333333333333333]], [[0.25, 0.25, 0.5], [0.3333333333333333, 0.3333333333333333, 0.3333333333333333], [0.25, 0.25, 0.5]], [[0.16666666666666666, 0.3333333333333333, 0.5], [0.5, 0.25, 0.25], [0.5, 0.25, 0.25]]]}
{"transition tensor": [[[0.25, 0.25, 0.5], [0.25, 0.25, 0.5], [0.3333333333333333, 0.3333333333333333, 0.3333333333333333]], [[0.25, 0.25, 0.5], [0.3333333333333333, 0.3333333333333333, 0.3333333333333333], [0.25, 0.25, 0.5]], [[0.16666666666666666, 0.3333333333333333, 0.5], [0.5, 0.25, 0.25], [0.5, 0.25, 0.25]]]}
{"transition tensor": [[[0.25, 0.25, 0.5], [0.25, 0.25, 0.5], [0.3333333333333333, 0.3333333333333333, 0.3333333333333333]], [[0.25, 0.25, 0.5], [0.3333333333333333, 0.3333333333333333, 0.3333333333333333], [0.25, 0.25, 0.5]], [[0.14285714285714285, 0.2857142857142857, 0.5714285714285714], [0.5, 0.25, 0.25], [0.5, 0.25, 0.25]]]}
{"transition tensor": [[[0.25, 0.25, 0.5], [0.25, 0.25, 0.5], [0.3333333333333333, 0.3333333333333333, 0.3333333333333333]], [[0.25, 0.25, 0.5], [0.3333333333333333, 0.3333333333333333, 0.3333333333333333], [0.25, 0.25, 0.5]], [[0.14285714285714285, 0.2857142857142857, 0.5714285714285714], [0.5, 0.25, 0.25], [0.4, 0.2, 0.4]]]}
{"transition tensor": [[[0.25, 0.25, 0.5], [0.25, 0.25, 0.5], [0.3333333333333333, 0.3333333333333333, 0.3333333333333333]], [[0.25, 0.25, 0.5], [0.3333333333333333, 0.3333333333333333, 0.3333333333333333], [0.25, 0.25, 0.5]], [[0.125, 0.25, 0.625], [0.5, 0.25, 0.25], [0.4, 0.2, 0.4]]]}
{"transition tensor": [[[0.25, 0.25, 0.5], [0.25, 0.25, 0.5], [0.3333333333333333, 0.3333333333333333, 0.3333333333333333]], [[0.25, 0.25, 0.5], [0.3333333333333333, 0.3333333333333333, 0.3333333333333333], [0.25, 0.25, 0.5]], [[0.125, 0.25, 0.625], [0.5, 0.25, 0.25], [0.5, 0.16666666666666666, 0.3333333333333333]]]}
{"transition tensor": [[[0.4, 0.2, 0.4], [0.25, 0.25, 0.5], [0.3333333333333333, 0.3333333333333333, 0.3333333333333333]], [[0.25, 0.25, 0.5], [0.3333333333333333, 0.3333333333333333, 0.3333333333333333], [0.25, 0.25, 0.5]], [[0.125, 0.25, 0.625], [0.5, 0.25, 0.25], [0.5, 0.16666666666666666, 0.3333333333333333]]]}
{"transition tensor": [[[0.5, 0.16666666666666666, 0.3333333333333333], [0.25, 0.25, 0.5], [0.3333333333333333, 0.3333333333333333, 0.3333333333333333]], [[0.25, 0.25, 0.5], [0.3333333333333333, 0.3333333333333333, 0.3333333333333333], [0.25, 0.25, 0.5]], [[0.125, 0.25, 0.625], [0.5, 0.25, 0.25], [0.5, 0.16666666666666666, 0.3333333333333333]]]}
{"transition tensor": [[[0.5, 0.16666666666666666, 0.3333333333333333], [0.4, 0.2, 0.4], [0.3333333333333333, 0.3333333333333333, 0.3333333333333333]], [[0.25, 0.25, 0.5], [0.3333333333333333, 0.3333333333333333, 0.3333333333333333], [0.25, 0.25, 0.5]], [[0.125, 0.25, 0.625], [0.5, 0.25, 0.25], [0.5, 0.16666666666666666, 0.3333333333333333]]]}
{"transition tensor": [[[0.42857142857142855, 0.14285714285714285, 0.42857142857142855], [0.4, 0.2, 0.4], [0.3333333333333333, 0.3333333333333333, 0.3333333333333333]], [[0.25, 0.25, 0.5], [0.3333333333333333, 0.3333333333333333, 0.3333333333333333], [0.25, 0.25, 0.5]], [[0.125, 0.25, 0.625], [0.5, 0.25, 0.25], [0.5, 0.16666666666666666, 0.3333333333333333]]]}
{"transition tensor": [[[0.42857142857142855, 0.14285714285714285, 0.42857142857142855], [0.4, 0.2, 0.4], [0.3333333333333333, 0.3333333333333333, 0.3333333333333333]], [[0.25, 0.25, 0.5], [0.3333333333333333, 0.3333333333333333, 0.3333333333333333], [0.25, 0.25, 0.5]], [[0.125, 0.25, 0.625], [0.5, 0.25, 0.25], [0.42857142857142855, 0.14285714285714285, 0.42857142857142855]]]}
{"transition tensor": [[[0.42857142857142855, 0.14285714285714285, 0.42857142857142855], [0.4, 0.2, 0.4], [0.3333333333333333, 0.3333333333333333, 0.3333333333333333]], [[0.25, 0.25, 0.5], [0.3333333333333333, 0.3333333333333333, 0.3333333333333333], [0.25, 0.25, 0.5]], [[0.1111111111111111, 0.2222222222222222, 0.6666666666666666], [0.5, 0.25, 0.25], [0.42857142857142855, 0.14285714285714285, 0.42857142857142855]]]}
{"transition tensor": [[[0.42857142857142855, 0.14285714285714285, 0.42857142857142855], [0.4, 0.2, 0.4], [0.3333333333333333, 0.3333333333333333, 0.3333333333333333]], [[0.25, 0.25, 0.5], [0.3333333333333333, 0.3333333333333333, 0.3333333333333333], [0.25, 0.25, 0.5]], [[0.1, 0.2, 0.7], [0.5, 0.25, 0.25], [0.42857142857142855, 0.14285714285714285, 0.42857142857142855]]]}
{"transition tensor": [[[0.42857142857142855, 0.14285714285714285, 0.42857142857142855], [0.4, 0.2, 0.4], [0.3333333333333333, 0.3333333333333333, 0.3333333333333333]], [[0.25, 0.25, 0.5], [0.3333333333333333, 0.3333333333333333, 0.3333333333333333], [0.25, 0.25, 0.5]], [[0.1, 0.2, 0.7], [0.5, 0.25, 0.25], [0.375, 0.125, 0.5]]]}
{"transition tensor": [[[0.42857142857142855, 0.14285714285714285, 0.42857142857142855], [0.4, 0.2, 0.4], [0.3333333333333333, 0.3333333333333333, 0.3333333333333333]], [[0.25, 0.25, 0.5], [0.3333333333333333, 0.3333333333333333, 0.3333333333333333], [0.25, 0.25, 0.5]], [[0.18181818181818182, 0.18181818181818182, 0.6363636363636364], [0.5, 0.25, 0.25], [0.375, 0.125, 0.5]]]}
{"transition tensor": [[[0.42857142857142855, 0.14285714285714285, 0.42857142857142855], [0.4, 0.2, 0.4], [0.25, 0.25, 0.5]], [[0.25, 0.25, 0.5], [0.3333333333333333, 0.3333333333333333, 0.3333333333333333], [0.25, 0.25, 0.5]], [[0.18181818181818182, 0.18181818181818182, 0.6363636363636364], [0.5, 0.25, 0.25], [0.375, 0.125, 0.5]]]}
{"transition tensor": [[[0.42857142857142855, 0.14285714285714285, 0.42857142857142855], [0.4, 0.2, 0.4], [0.25, 0.25, 0.5]], [[0.25, 0.25, 0.5], [0.3333333333333333, 0.3333333333333333, 0.3333333333333333], [0.25, 0.25, 0.5]], [[0.16666666666666666, 0.16666666666666666, 0.6666666666666666], [0.5, 0.25, 0.25], [0.375, 0.125, 0.5]]]}
{"transition tensor": [[[0.42857142857142855, 0.14285714285714285, 0.42857142857142855], [0.4, 0.2, 0.4], [0.25, 0.25, 0.5]], [[0.25, 0.25, 0.5], [0.3333333333333333, 0.3333333333333333, 0.3333333333333333], [0.25, 0.25, 0.5]], [[0.15384615384615385, 0.15384615384615385, 0.6923076923076923], [0.5, 0.25, 0.25], [0.375, 0.125, 0.5]]]}
{"transition tensor": [[[0.42857142857142855, 0.14285714285714285, 0.42857142857142855], [0.4, 0.2, 0.4], [0.25, 0.25, 0.5]], [[0.25, 0.25, 0.5], [0.3333333333333333, 0.3333333333333333, 0.3333333333333333], [0.25, 0.25, 0.5]], [[0.15384615384615385, 0.15384615384615385, 0.6923076923076923], [0.4, 0.4, 0.2], [0.375, 0.125, 0.5]]]}
{"transition tensor": [[[0.42857142857142855, 0.14285714285714285, 0.42857142857142855], [0.4, 0.2, 0.4], [0.25, 0.25, 0.5]], [[0.25, 0.25, 0.5], [0.25, 0.25, 0.5], [0.25, 0.25, 0.5]], [[0.15384615384615385, 0.15384615384615385, 0.6923076923076923], [0.4, 0.4, 0.2], [0.375, 0.125, 0.5]]]}
{"transition tensor": [[[0.42857142857142855, 0.14285714285714285, 0.42857142857142855], [0.4, 0.2, 0.4], [0.25, 0.25, 0.5]], [[0.25, 0.25, 0.5], [0.25, 0.25, 0.5], [0.25, 0.25, 0.5]], [[0.21428571428571427, 0.14285714285714285, 0.6428571428571429], [0.4, 0.4, 0.2], [0.375, 0.125, 0.5]]]}
{"transition tensor": [[[0.375, 0.125, 0.5], [0.4, 0.2, 0.4], [0.25, 0.25, 0.5]], [[0.25, 0.25, 0.5], [0.25, 0.25, 0.5], [0.25, 0.25, 0.5]], [[0.21428571428571427, 0.14285714285714285, 0.6428571428571429], [0.4, 0.4, 0.2], [0.375, 0.125, 0.5]]]}
{"transition tensor": [[[0.375, 0.125, 0.5], [0.4, 0.2, 0.4], [0.25, 0.25, 0.5]], [[0.25, 0.25, 0.5], [0.25, 0.25, 0.5], [0.25, 0.25, 0.5]], [[0.26666666666666666, 0.13333333333333333, 0.6], [0.4, 0.4, 0.2], [0.375, 0.125, 0.5]]]}
{"transition tensor": [[[0.3333333333333333, 0.2222222222222222, 0.4444444444444444], [0.4, 0.2, 0.4], [0.25, 0.25, 0.5]], [[0.25, 0.25, 0.5], [0.25, 0.25, 0.5], [0.25, 0.25, 0.5]], [[0.26666666666666666, 0.13333333333333333, 0.6], [0.4, 0.4, 0.2], [0.375, 0.125, 0.5]]]}
{"transition tensor": [[[0.3333333333333333, 0.2222222222222222, 0.4444444444444444], [0.4, 0.2, 0.4], [0.25, 0.25, 0.5]], [[0.25, 0.25, 0.5], [0.25, 0.25, 0.5], [0.2, 0.2, 0.6]], [[0.26666666666666666, 0.13333333333333333, 0.6], [0.4, 0.4, 0.2], [0.375, 0.125, 0.5]]]}
{"transition tensor": [[[0.3333333333333333, 0.2222222222222222, 0.4444444444444444], [0.4, 0.2, 0.4], [0.25, 0.25, 0.5]], [[0.25, 0.25, 0.5], [0.25, 0.25, 0.5], [0.2, 0.2, 0.6]], [[0.26666666666666666, 0.13333333333333333, 0.6], [0.4, 0.4, 0.2], [0.3333333333333333, 0.2222222222222222, 0.4444444444444444]]]}
{"transition tensor": [[[0.3333333333333333, 0.2222222222222222, 0.4444444444444444], [0.4, 0.2, 0.4], [0.25, 0.25, 0.5]], [[0.25, 0.25, 0.5], [0.25, 0.25, 0.5], [0.16666666666666666, 0.3333333333333333, 0.5]], [[0.26666666666666666, 0.13333333333333333, 0.6], [0.4, 0.4, 0.2], [0.3333333333333333, 0.2222222222222222, 0.4444444444444444]]]}
{"transition tensor": [[[0.3333333333333333, 0.2222222222222222, 0.4444444444444444], [0.4, 0.2, 0.4], [0.25, 0.25, 0.5]], [[0.4, 0.2, 0.4], [0.25, 0.25, 0.5], [0.16666666666666666, 0.3333333333333333, 0.5]], [[0.26666666666666666, 0.13333333333333333, 0.6], [0.4, 0.4, 0.2], [0.3333333333333333, 0.2222222222222222, 0.4444444444444444]]]}
{"transition tensor": [[[0.4, 0.2, 0.4], [0.4, 0.2, 0.4], [0.25, 0.25, 0.5]], [[0.4, 0.2, 0.4], [0.25, 0.25, 0.5], [0.16666666666666666, 0.3333333333333333, 0.5]], [[0.26666666666666666, 0.13333333333333333, 0.6], [0.4, 0.4, 0.2], [0.3333333333333333, 0.2222222222222222, 0.4444444444444444]]]}
{"transition tensor": [[[0.4, 0.2, 0.4], [0.3333333333333333, 0.16666666666666666, 0.5], [0.25, 0.25, 0.5]], [[0.4, 0.2, 0.4], [0.25, 0.25, 0.5], [0.16666666666666666, 0.3333333333333333, 0.5]], [[0.26666666666666666, 0.13333333333333333, 0.6], [0.4, 0.4, 0.2], [0.3333333333333333, 0.2222222222222222, 0.4444444444444444]]]}
{"transition tensor": [[[0.4, 0.2, 0.4], [0.3333333333333333, 0.16666666666666666, 0.5], [0.25, 0.25, 0.5]], [[0.4, 0.2, 0.4], [0.25, 0.25, 0.5], [0.16666666666666666, 0.3333333333333333, 0.5]], [[0.3125, 0.125, 0.5625], [0.4, 0.4, 0.2], [0.3333333333333333, 0.2222222222222222, 0.4444444444444444]]]}
{"transition tensor": [[[0.45454545454545453, 0.18181818181818182, 0.36363636363636365], [0.3333333333333333, 0.16666666666666666, 0.5], [0.25, 0.25, 0.5]], [[0.4, 0.2, 0.4], [0.25, 0.25, 0.5], [0.16666666666666666, 0.3333333333333333, 0.5]], [[0.3125, 0.125, 0.5625], [0.4, 0.4, 0.2], [0.3333333333333333, 0.2222222222222222, 0.4444444444444444]]]}
{"transition tensor": [[[0.45454545454545453, 0.18181818181818182, 0.36363636363636365], [0.2857142857142857, 0.14285714285714285, 0.5714285714285714], [0.25, 0.25, 0.5]], [[0.4, 0.2, 0.4], [0.25, 0.25, 0.5], [0.16666666666666666, 0.3333333333333333, 0.5]], [[0.3125, 0.125, 0.5625], [0.4, 0.4, 0.2], [0.3333333333333333, 0.2222222222222222, 0.4444444444444444]]]}
{"transition tensor": [[[0.45454545454545453, 0.18181818181818182, 0.36363636363636365], [0.2857142857142857, 0.14285714285714285, 0.5714285714285714], [0.25, 0.25, 0.5]], [[0.4, 0.2, 0.4], [0.25, 0.25, 0.5], [0.16666666666666666, 0.3333333333333333, 0.5]], [[0.3125, 0.125, 0.5625], [0.3333333333333333, 0.5, 0.16666666666666666], [0.3333333333333333, 0.2222222222222222, 0.4444444444444444]]]}
{"transition tensor": [[[0.45454545454545453, 0.18181818181818182, 0.36363636363636365], [0.2857142857142857, 0.14285714285714285, 0.5714285714285714], [0.25, 0.25, 0.5]], [[0.4, 0.2, 0.4], [0.2, 0.2, 0.6], [0.16666666666666666, 0.3333333333333333, 0.5]], [[0.3125, 0.125, 0.5625], [0.3333333333333333, 0.5, 0.16666666666666666], [0.3333333333333333, 0.2222222222222222, 0.4444444444444444]]]}
{"transition tensor": [[[0.45454545454545453, 0.18181818181818182, 0.36363636363636365], [0.2857142857142857, 0.14285714285714285, 0.5714285714285714], [0.25, 0.25, 0.5]], [[0.4, 0.2, 0.4], [0.2, 0.2, 0.6], [0.16666666666666666, 0.3333333333333333, 0.5]], [[0.29411764705882354, 0.17647058823529413, 0.5294117647058824], [0.3333333333333333, 0.5, 0.16666666666666666], [0.3333333333333333, 0.2222222222222222, 0.4444444444444444]]]}
{"transition tensor": [[[0.45454545454545453, 0.18181818181818182, 0.36363636363636365], [0.2857142857142857, 0.14285714285714285, 0.5714285714285714], [0.25, 0.25, 0.5]], [[0.4, 0.2, 0.4], [0.16666666666666666, 0.16666666666666666, 0.6666666666666666], [0.16666666666666666, 0.3333333333333333, 0.5]], [[0.29411764705882354, 0.17647058823529413, 0.5294117647058824], [0.3333333333333333, 0.5, 0.16666666666666666], [0.3333333333333333, 0.2222222222222222, 0.4444444444444444]]]}
{"transition tensor": [[[0.45454545454545453, 0.18181818181818182, 0.36363636363636365], [0.2857142857142857, 0.14285714285714285, 0.5714285714285714], [0.25, 0.25, 0.5]], [[0.4, 0.2, 0.4], [0.16666666666666666, 0.16666666666666666, 0.6666666666666666], [0.16666666666666666, 0.3333333333333333, 0.5]], [[0.29411764705882354, 0.17647058823529413, 0.5294117647058824], [0.3333333333333333, 0.5, 0.16666666666666666], [0.3, 0.3, 0.4]]]}
{"transition tensor": [[[0.45454545454545453, 0.18181818181818182, 0.36363636363636365], [0.2857142857142857, 0.14285714285714285, 0.5714285714285714], [0.25, 0.25, 0.5]], [[0.3333333333333333, 0.16666666666666666, 0.5], [0.16666666666666666, 0.16666666666666666, 0.6666666666666666], [0.16666666666666666, 0.3333333333333333, 0.5]], [[0.29411764705882354, 0.17647058823529413, 0.5294117647058824], [0.3333333333333333, 0.5, 0.16666666666666666], [0.3, 0.3, 0.4]]]}
{"transition tensor": [[[0.45454545454545453, 0.18181818181818182, 0.36363636363636365], [0.2857142857142857, 0.14285714285714285, 0.5714285714285714], [0.25, 0.25, 0.5]], [[0.3333333333333333, 0.16666666666666666, 0.5], [0.16666666666666666, 0.16666666666666666, 0.6666666666666666], [0.16666666666666666, 0.3333333333333333, 0.5]], [[0.2777777777777778, 0.16666666666666666, 0.5555555555555556], [0.3333333333333333, 0.5, 0.16666666666666666], [0.3, 0.3, 0.4]]]}
{"transition tensor": [[[0.45454545454545453, 0.18181818181818182, 0.36363636363636365], [0.2857142857142857, 0.14285714285714285, 0.5714285714285714], [0.25, 0.25, 0.5]], [[0.3333333333333333, 0.16666666666666666, 0.5], [0.16666666666666666, 0.16666666666666666, 0.6666666666666666], [0.16666666666666666, 0.3333333333333333, 0.5]], [[0.2631578947368421, 0.15789473684210525, 0.5789473684210527], [0.3333333333333333, 0.5, 0.16666666666666666], [0.3, 0.3, 0.4]]]}
{"transition tensor": [[[0.45454545454545453, 0.18181818181818182, 0.36363636363636365], [0.2857142857142857, 0.14285714285714285, 0.5714285714285714], [0.25, 0.25, 0.5]], [[0.3333333333333333, 0.16666666666666666, 0.5], [0.16666666666666666, 0.16666666666666666, 0.6666666666666666], [0.16666666666666666, 0.3333333333333333, 0.5]], [[0.25, 0.15, 0.6], [0.3333333333333333, 0.5, 0.16666666666666666], [0.3, 0.3, 0.4]]]}
{"transition tensor": [[[0.45454545454545453, 0.18181818181818182, 0.36363636363636365], [0.2857142857142857, 0.14285714285714285, 0.5714285714285714], [0.25, 0.25, 0.5]], [[0.3333333333333333, 0.16666666666666666, 0.5], [0.16666666666666666, 0.16666666666666666, 0.6666666666666666], [0.16666666666666666, 0.3333333333333333, 0.5]], [[0.23809523809523808, 0.19047619047619047, 0.5714285714285714], [0.3333333333333333, 0.5, 0.16666666666666666], [0.3, 0.3, 0.4]]]}
{"transition tensor": [[[0.45454545454545453, 0.18181818181818182, 0.36363636363636365], [0.2857142857142857, 0.14285714285714285, 0.5714285714285714], [0.25, 0.25, 0.5]], [[0.2857142857142857, 0.14285714285714285, 0.5714285714285714], [0.16666666666666666, 0.16666666666666666, 0.6666666666666666], [0.16666666666666666, 0.3333333333333333, 0.5]], [[0.23809523809523808, 0.19047619047619047, 0.5714285714285714], [0.3333333333333333, 0.5, 0.16666666666666666], [0.3, 0.3, 0.4]]]}
{"transition tensor": [[[0.45454545454545453, 0.18181818181818182, 0.36363636363636365], [0.2857142857142857, 0.14285714285714285, 0.5714285714285714], [0.25, 0.25, 0.5]], [[0.2857142857142857, 0.14285714285714285, 0.5714285714285714], [0.16666666666666666, 0.16666666666666666, 0.6666666666666666], [0.16666666666666666, 0.3333333333333333, 0.5]], [[0.23809523809523808, 0.19047619047619047, 0.5714285714285714], [0.2857142857142857, 0.5714285714285714, 0.14285714285714285], [0.3, 0.3, 0.4]]]}
{"transition tensor": [[[0.45454545454545453, 0.18181818181818182, 0.36363636363636365], [0.2857142857142857, 0.14285714285714285, 0.5714285714285714], [0.25, 0.25, 0.5]], [[0.2857142857142857, 0.14285714285714285, 0.5714285714285714], [0.2857142857142857, 0.14285714285714285, 0.5714285714285714], [0.16666666666666666, 0.3333333333333333, 0.5]], [[0.23809523809523808, 0.19047619047619047, 0.5714285714285714], [0.2857142857142857, 0.5714285714285714, 0.14285714285714285], [0.3, 0.3, 0.4]]]}
{"transition tensor": [[[0.4166666666666667, 0.25, 0.3333333333333333], [0.2857142857142857, 0.14285714285714285, 0.5714285714285714], [0.25, 0.25, 0.5]], [[0.2857142857142857, 0.14285714285714285, 0.5714285714285714], [0.2857142857142857, 0.14285714285714285, 0.5714285714285714], [0.16666666666666666, 0.3333333333333333, 0.5]], [[0.23809523809523808, 0.19047619047619047, 0.5714285714285714], [0.2857142857142857, 0.5714285714285714, 0.14285714285714285], [0.3, 0.3, 0.4]]]}
{"transition tensor": [[[0.4166666666666667, 0.25, 0.3333333333333333], [0.2857142857142857, 0.14285714285714285, 0.5714285714285714], [0.25, 0.25, 0.5]], [[0.375, 0.125, 0.5], [0.2857142857142857, 0.14285714285714285, 0.5714285714285714], [0.16666666666666666, 0.3333333333333333, 0.5]], [[0.23809523809523808, 0.19047619047619047, 0.5714285714285714], [0.2857142857142857, 0.5714285714285714, 0.14285714285714285], [0.3, 0.3, 0.4]]]}
{"transition tensor": [[[0.4166666666666667, 0.25, 0.3333333333333333], [0.2857142857142857, 0.14285714285714285, 0.5714285714285714], [0.2, 0.4, 0.4]], [[0.375, 0.125, 0.5], [0.2857142857142857, 0.14285714285714285, 0.5714285714285714], [0.16666666666666666, 0.3333333333333333, 0.5]], [[0.23809523809523808, 0.19047619047619047, 0.5714285714285714], [0.2857142857142857, 0.5714285714285714, 0.14285714285714285], [0.3, 0.3, 0.4]]]}
{"transition tensor": [[[0.4166666666666667, 0.25, 0.3333333333333333], [0.2857142857142857, 0.14285714285714285, 0.5714285714285714], [0.2, 0.4, 0.4]], [[0.375, 0.125, 0.5], [0.25, 0.125, 0.625], [0.16666666666666666, 0.3333333333333333, 0.5]], [[0.23809523809523808, 0.19047619047619047, 0.5714285714285714], [0.2857142857142857, 0.5714285714285714, 0.14285714285714285], [0.3, 0.3, 0.4]]]}
{"transition tensor": [[[0.4166666666666667, 0.25, 0.3333333333333333], [0.2857142857142857, 0.14285714285714285, 0.5714285714285714], [0.2, 0.4, 0.4]], [[0.375, 0.125, 0.5], [0.25, 0.125, 0.625], [0.16666666666666666, 0.3333333333333333, 0.5]], [[0.23809523809523808, 0.19047619047619047, 0.5714285714285714], [0.375, 0.5, 0.125], [0.3, 0.3, 0.4]]]}
{"transition tensor": [[[0.4166666666666667, 0.25, 0.3333333333333333], [0.375, 0.125, 0.5], [0.2, 0.4, 0.4]], [[0.375, 0.125, 0.5], [0.25, 0.125, 0.625], [0.16666666666666666, 0.3333333333333333, 0.5]], [[0.23809523809523808, 0.19047619047619047, 0.5714285714285714], [0.375, 0.5, 0.125], [0.3, 0.3, 0.4]]]}
{"transition tensor": [[[0.4166666666666667, 0.25, 0.3333333333333333], [0.3333333333333333, 0.1111111111111111, 0.5555555555555556], [0.2, 0.4, 0.4]], [[0.375, 0.125, 0.5], [0.25, 0.125, 0.625], [0.16666666666666666, 0.3333333333333333, 0.5]], [[0.23809523809523808, 0.19047619047619047, 0.5714285714285714], [0.375, 0.5, 0.125], [0.3, 0.3, 0.4]]]}
{"transition tensor": [[[0.4166666666666667, 0.25, 0.3333333333333333], [0.3333333333333333, 0.1111111111111111, 0.5555555555555556], [0.2, 0.4, 0.4]], [[0.375, 0.125, 0.5], [0.25, 0.125, 0.625], [0.16666666666666666, 0.3333333333333333, 0.5]], [[0.23809523809523808, 0.19047619047619047, 0.5714285714285714], [0.375, 0.5, 0.125], [0.2727272727272727, 0.2727272727272727, 0.45454545454545453]]]}
{"transition tensor": [[[0.4166666666666667, 0.25, 0.3333333333333333], [0.3333333333333333, 0.1111111111111111, 0.5555555555555556], [0.2, 0.4, 0.4]], [[0.375, 0.125, 0.5], [0.25, 0.125, 0.625], [0.16666666666666666, 0.3333333333333333, 0.5]], [[0.2727272727272727, 0.18181818181818182, 0.5454545454545454], [0.375, 0.5, 0.125], [0.2727272727272727, 0.2727272727272727, 0.45454545454545453]]]}
{"transition tensor": [[[0.4166666666666667, 0.25, 0.3333333333333333], [0.3, 0.2, 0.5], [0.2, 0.4, 0.4]], [[0.375, 0.125, 0.5], [0.25, 0.125, 0.625], [0.16666666666666666, 0.3333333333333333, 0.5]], [[0.2727272727272727, 0.18181818181818182, 0.5454545454545454], [0.375, 0.5, 0.125], [0.2727272727272727, 0.2727272727272727, 0.45454545454545453]]]}
{"transition tensor": [[[0.4166666666666667, 0.25, 0.3333333333333333], [0.3, 0.2, 0.5], [0.2, 0.4, 0.4]], [[0.4444444444444444, 0.1111111111111111, 0.4444444444444444], [0.25, 0.125, 0.625], [0.16666666666666666, 0.3333333333333333, 0.5]], [[0.2727272727272727, 0.18181818181818182, 0.5454545454545454], [0.375, 0.5, 0.125], [0.2727272727272727, 0.2727272727272727, 0.45454545454545453]]]}
{"transition tensor": [[[0.4166666666666667, 0.25, 0.3333333333333333], [0.3, 0.2, 0.5], [0.16666666666666666, 0.3333333333333333, 0.5]], [[0.4444444444444444, 0.1111111111111111, 0.4444444444444444], [0.25, 0.125, 0.625], [0.16666666666666666, 0.3333333333333333, 0.5]], [[0.2727272727272727, 0.18181818181818182, 0.5454545454545454], [0.375, 0.5, 0.125], [0.2727272727272727, 0.2727272727272727, 0.45454545454545453]]]}
{"transition tensor": [[[0.4166666666666667, 0.25, 0.3333333333333333], [0.3, 0.2, 0.5], [0.16666666666666666, 0.3333333333333333, 0.5]], [[0.4444444444444444, 0.1111111111111111, 0.4444444444444444], [0.25, 0.125, 0.625], [0.16666666666666666, 0.3333333333333333, 0.5]], [[0.2727272727272727, 0.18181818181818182, 0.5454545454545454], [0.4444444444444444, 0.4444444444444444, 0.1111111111111111], [0.2727272727272727, 0.2727272727272727, 0.45454545454545453]]]}
{"transition tensor": [[[0.4166666666666667, 0.25, 0.3333333333333333], [0.2727272727272727, 0.18181818181818182, 0.5454545454545454], [0.16666666666666666, 0.3333333333333333, 0.5]], [[0.4444444444444444, 0.1111111111111111, 0.4444444444444444], [0.25, 0.125, 0.625], [0.16666666666666666, 0.3333333333333333, 0.5]], [[0.2727272727272727, 0.18181818181818182, 0.5454545454545454], [0.4444444444444444, 0.4444444444444444, 0.1111111111111111], [0.2727272727272727, 0.2727272727272727, 0.45454545454545453]]]}
{"transition tensor": [[[0.4166666666666667, 0.25, 0.3333333333333333], [0.2727272727272727, 0.18181818181818182, 0.5454545454545454], [0.16666666666666666, 0.3333333333333333, 0.5]], [[0.4444444444444444, 0.1111111111111111, 0.4444444444444444], [0.25, 0.125, 0.625], [0.16666666666666666, 0.3333333333333333, 0.5]], [[0.2608695652173913, 0.17391304347826086, 0.5652173913043478], [0.4444444444444444, 0.4444444444444444, 0.1111111111111111], [0.2727272727272727, 0.2727272727272727, 0.45454545454545453]]]}
{"transition tensor": [[[0.4166666666666667, 0.25, 0.3333333333333333], [0.2727272727272727, 0.18181818181818182, 0.5454545454545454], [0.16666666666666666, 0.3333333333333333, 0.5]], [[0.4444444444444444, 0.1111111111111111, 0.4444444444444444], [0.25, 0.125, 0.625], [0.16666666666666666, 0.3333333333333333, 0.5]], [[0.2608695652173913, 0.17391304347826086, 0.5652173913043478], [0.4, 0.5, 0.1], [0.2727272727272727, 0.2727272727272727, 0.45454545454545453]]]}
{"transition tensor": [[[0.4166666666666667, 0.25, 0.3333333333333333], [0.2727272727272727, 0.18181818181818182, 0.5454545454545454], [0.16666666666666666, 0.3333333333333333, 0.5]], [[0.4, 0.2, 0.4], [0.25, 0.125, 0.625], [0.16666666666666666, 0.3333333333333333, 0.5]], [[0.2608695652173913, 0.17391304347826086, 0.5652173913043478], [0.4, 0.5, 0.1], [0.2727272727272727, 0.2727272727272727, 0.45454545454545453]]]}
{"transition tensor": [[[0.4166666666666667, 0.25, 0.3333333333333333], [0.2727272727272727, 0.18181818181818182, 0.5454545454545454], [0.16666666666666666, 0.3333333333333333, 0.5]], [[0.4, 0.2, 0.4], [0.3333333333333333, 0.1111111111111111, 0.5555555555555556], [0.16666666666666666, 0.3333333333333333, 0.5]], [[0.2608695652173913, 0.17391304347826086, 0.5652173913043478], [0.4, 0.5, 0.1], [0.2727272727272727, 0.2727272727272727, 0.45454545454545453]]]}
{"transition tensor": [[[0.38461538461538464, 0.3076923076923077, 0.3076923076923077], [0.2727272727272727, 0.18181818181818182, 0.5454545454545454], [0.16666666666666666, 0.3333333333333333, 0.5]], [[0.4, 0.2, 0.4], [0.3333333333333333, 0.1111111111111111, 0.5555555555555556], [0.16666666666666666, 0.3333333333333333, 0.5]], [[0.2608695652173913, 0.17391304347826086, 0.5652173913043478], [0.4, 0.5, 0.1], [0.2727272727272727, 0.2727272727272727, 0.45454545454545453]]]}
{"transition tensor": [[[0.38461538461538464, 0.3076923076923077, 0.3076923076923077], [0.2727272727272727, 0.18181818181818182, 0.5454545454545454], [0.16666666666666666, 0.3333333333333333, 0.5]], [[0.4, 0.2, 0.4], [0.3333333333333333, 0.1111111111111111, 0.5555555555555556], [0.14285714285714285, 0.2857142857142857, 0.5714285714285714]], [[0.2608695652173913, 0.17391304347826086, 0.5652173913043478], [0.4, 0.5, 0.1], [0.2727272727272727, 0.2727272727272727, 0.45454545454545453]]]}
{"transition tensor": [[[0.38461538461538464, 0.3076923076923077, 0.3076923076923077], [0.2727272727272727, 0.18181818181818182, 0.5454545454545454], [0.16666666666666666, 0.3333333333333333, 0.5]], [[0.4, 0.2, 0.4], [0.3333333333333333, 0.1111111111111111, 0.5555555555555556], [0.14285714285714285, 0.2857142857142857, 0.5714285714285714]], [[0.2608695652173913, 0.17391304347826086, 0.5652173913043478], [0.4, 0.5, 0.1], [0.25, 0.3333333333333333, 0.4166666666666667]]]}
{"transition tensor": [[[0.38461538461538464, 0.3076923076923077, 0.3076923076923077], [0.2727272727272727, 0.18181818181818182, 0.5454545454545454], [0.16666666666666666, 0.3333333333333333, 0.5]], [[0.4, 0.2, 0.4], [0.3333333333333333, 0.1111111111111111, 0.5555555555555556], [0.125, 0.25, 0.625]], [[0.2608695652173913, 0.17391304347826086, 0.5652173913043478], [0.4, 0.5, 0.1], [0.25, 0.3333333333333333, 0.4166666666666667]]]}
{"transition tensor": [[[0.38461538461538464, 0.3076923076923077, 0.3076923076923077], [0.2727272727272727, 0.18181818181818182, 0.5454545454545454], [0.16666666666666666, 0.3333333333333333, 0.5]], [[0.4, 0.2, 0.4], [0.3333333333333333, 0.1111111111111111, 0.5555555555555556], [0.125, 0.25, 0.625]], [[0.2608695652173913, 0.17391304347826086, 0.5652173913043478], [0.36363636363636365, 0.45454545454545453, 0.18181818181818182], [0.25, 0.3333333333333333, 0.4166666666666667]]]}
{"transition tensor": [[[0.38461538461538464, 0.3076923076923077, 0.3076923076923077], [0.2727272727272727, 0.18181818181818182, 0.5454545454545454], [0.16666666666666666, 0.3333333333333333, 0.5]], [[0.4, 0.2, 0.4], [0.3333333333333333, 0.1111111111111111, 0.5555555555555556], [0.125, 0.25, 0.625]], [[0.2608695652173913, 0.17391304347826086, 0.5652173913043478], [0.36363636363636365, 0.45454545454545453, 0.18181818181818182], [0.3076923076923077, 0.3076923076923077, 0.38461538461538464]]]}
{"transition tensor": [[[0.35714285714285715, 0.35714285714285715, 0.2857142857142857], [0.2727272727272727, 0.18181818181818182, 0.5454545454545454], [0.16666666666666666, 0.3333333333333333, 0.5]], [[0.4, 0.2, 0.4], [0.3333333333333333, 0.1111111111111111, 0.5555555555555556], [0.125, 0.25, 0.625]], [[0.2608695652173913, 0.17391304347826086, 0.5652173913043478], [0.36363636363636365, 0.45454545454545453, 0.18181818181818182], [0.3076923076923077, 0.3076923076923077, 0.38461538461538464]]]}
{"transition tensor": [[[0.35714285714285715, 0.35714285714285715, 0.2857142857142857], [0.2727272727272727, 0.18181818181818182, 0.5454545454545454], [0.16666666666666666, 0.3333333333333333, 0.5]], [[0.4, 0.2, 0.4], [0.3333333333333333, 0.1111111111111111, 0.5555555555555556], [0.1111111111111111, 0.2222222222222222, 0.6666666666666666]], [[0.2608695652173913, 0.17391304347826086, 0.5652173913043478], [0.36363636363636365, 0.45454545454545453, 0.18181818181818182], [0.3076923076923077, 0.3076923076923077, 0.38461538461538464]]]}
{"transition tensor": [[[0.35714285714285715, 0.35714285714285715, 0.2857142857142857], [0.2727272727272727, 0.18181818181818182, 0.5454545454545454], [0.16666666666666666, 0.3333333333333333, 0.5]], [[0.4, 0.2, 0.4], [0.3333333333333333, 0.1111111111111111, 0.5555555555555556], [0.1111111111111111, 0.2222222222222222, 0.6666666666666666]], [[0.25, 0.16666666666666666, 0.5833333333333334], [0.36363636363636365, 0.45454545454545453, 0.18181818181818182], [0.3076923076923077, 0.3076923076923077, 0.38461538461538464]]]}
{"transition tensor": [[[0.35714285714285715, 0.35714285714285715, 0.2857142857142857], [0.2727272727272727, 0.18181818181818182, 0.5454545454545454], [0.16666666666666666, 0.3333333333333333, 0.5]], [[0.4, 0.2, 0.4], [0.3333333333333333, 0.1111111111111111, 0.5555555555555556], [0.1111111111111111, 0.2222222222222222, 0.6666666666666666]], [[0.25, 0.16666666666666666, 0.5833333333333334], [0.3333333333333333, 0.4166666666666667, 0.25], [0.3076923076923077, 0.3076923076923077, 0.38461538461538464]]]}
{"transition tensor": [[[0.35714285714285715, 0.35714285714285715, 0.2857142857142857], [0.2727272727272727, 0.18181818181818182, 0.5454545454545454], [0.16666666666666666, 0.3333333333333333, 0.5]], [[0.4, 0.2, 0.4], [0.3333333333333333, 0.1111111111111111, 0.5555555555555556], [0.1111111111111111, 0.2222222222222222, 0.6666666666666666]], [[0.24, 0.2, 0.56], [0.3333333333333333, 0.4166666666666667, 0.25], [0.3076923076923077, 0.3076923076923077, 0.38461538461538464]]]}
{"transition tensor": [[[0.35714285714285715, 0.35714285714285715, 0.2857142857142857], [0.2727272727272727, 0.18181818181818182, 0.5454545454545454], [0.16666666666666666, 0.3333333333333333, 0.5]], [[0.4, 0.2, 0.4], [0.3, 0.1, 0.6], [0.1111111111111111, 0.2222222222222222, 0.6666666666666666]], [[0.24, 0.2, 0.56], [0.3333333333333333, 0.4166666666666667, 0.25], [0.3076923076923077, 0.3076923076923077, 0.38461538461538464]]]}
{"transition tensor": [[[0.35714285714285715, 0.35714285714285715, 0.2857142857142857], [0.2727272727272727, 0.18181818181818182, 0.5454545454545454], [0.16666666666666666, 0.3333333333333333, 0.5]], [[0.4, 0.2, 0.4], [0.3, 0.1, 0.6], [0.1111111111111111, 0.2222222222222222, 0.6666666666666666]], [[0.23076923076923078, 0.19230769230769232, 0.5769230769230769], [0.3333333333333333, 0.4166666666666667, 0.25], [0.3076923076923077, 0.3076923076923077, 0.38461538461538464]]]}
{"transition tensor": [[[0.35714285714285715, 0.35714285714285715, 0.2857142857142857], [0.2727272727272727, 0.18181818181818182, 0.5454545454545454], [0.16666666666666666, 0.3333333333333333, 0.5]], [[0.4, 0.2, 0.4], [0.3, 0.1, 0.6], [0.1111111111111111, 0.2222222222222222, 0.6666666666666666]], [[0.25925925925925924, 0.18518518518518517, 0.5555555555555556], [0.3333333333333333, 0.4166666666666667, 0.25], [0.3076923076923077, 0.3076923076923077, 0.38461538461538464]]]}
{"transition tensor": [[[0.35714285714285715, 0.35714285714285715, 0.2857142857142857], [0.25, 0.16666666666666666, 0.5833333333333334], [0.16666666666666666, 0.3333333333333333, 0.5]], [[0.4, 0.2, 0.4], [0.3, 0.1, 0.6], [0.1111111111111111, 0.2222222222222222, 0.6666666666666666]], [[0.25925925925925924, 0.18518518518518517, 0.5555555555555556], [0.3333333333333333, 0.4166666666666667, 0.25], [0.3076923076923077, 0.3076923076923077, 0.38461538461538464]]]}
{"transition tensor": [[[0.35714285714285715, 0.35714285714285715, 0.2857142857142857], [0.25, 0.16666666666666666, 0.5833333333333334], [0.16666666666666666, 0.3333333333333333, 0.5]], [[0.4, 0.2, 0.4], [0.3, 0.1, 0.6], [0.1111111111111111, 0.2222222222222222, 0.6666666666666666]], [[0.25925925925925924, 0.18518518518518517, 0.5555555555555556], [0.3333333333333333, 0.4166666666666667, 0.25], [0.35714285714285715, 0.2857142857142857, 0.35714285714285715]]]}
{"transition tensor": [[[0.3333333333333333, 0.4, 0.26666666666666666], [0.25, 0.16666666666666666, 0.5833333333333334], [0.16666666666666666, 0.3333333333333333, 0.5]], [[0.4, 0.2, 0.4], [0.3, 0.1, 0.6], [0.1111111111111111, 0.2222222222222222, 0.6666666666666666]], [[0.25925925925925924, 0.18518518518518517, 0.5555555555555556], [0.3333333333333333, 0.4166666666666667, 0.25], [0.35714285714285715, 0.2857142857142857, 0.35714285714285715]]]}
{"transition tensor": [[[0.3333333333333333, 0.4, 0.26666666666666666], [0.25, 0.16666666666666666, 0.5833333333333334], [0.16666666666666666, 0.3333333333333333, 0.5]], [[0.4, 0.2, 0.4], [0.2727272727272727, 0.18181818181818182, 0.5454545454545454], [0.1111111111111111, 0.2222222222222222, 0.6666666666666666]], [[0.25925925925925924, 0.18518518518518517, 0.5555555555555556], [0.3333333333333333, 0.4166666666666667, 0.25], [0.35714285714285715, 0.2857142857142857, 0.35714285714285715]]]}
{"transition tensor": [[[0.3333333333333333, 0.4, 0.26666666666666666], [0.25, 0.16666666666666666, 0.5833333333333334], [0.16666666666666666, 0.3333333333333333, 0.5]], [[0.45454545454545453, 0.18181818181818182, 0.36363636363636365], [0.2727272727272727, 0.18181818181818182, 0.5454545454545454], [0.1111111111111111, 0.2222222222222222, 0.6666666666666666]], [[0.25925925925925924, 0.18518518518518517, 0.5555555555555556], [0.3333333333333333, 0.4166666666666667, 0.25], [0.35714285714285715, 0.2857142857142857, 0.35714285714285715]]]}
{"transition tensor": [[[0.3125, 0.4375, 0.25], [0.25, 0.16666666666666666, 0.5833333333333334], [0.16666666666666666, 0.3333333333333333, 0.5]], [[0.45454545454545453, 0.18181818181818182, 0.36363636363636365], [0.2727272727272727, 0.18181818181818182, 0.5454545454545454], [0.1111111111111111, 0.2222222222222222, 0.6666666666666666]], [[0.25925925925925924, 0.18518518518518517, 0.5555555555555556], [0.3333333333333333, 0.4166666666666667, 0.25], [0.35714285714285715, 0.2857142857142857, 0.35714285714285715]]]}
{"transition tensor": [[[0.3125, 0.4375, 0.25], [0.25, 0.16666666666666666, 0.5833333333333334], [0.16666666666666666, 0.3333333333333333, 0.5]], [[0.4166666666666667, 0.16666666666666666, 0.4166666666666667], [0.2727272727272727, 0.18181818181818182, 0.5454545454545454], [0.1111111111111111, 0.2222222222222222, 0.6666666666666666]], [[0.25925925925925924, 0.18518518518518517, 0.5555555555555556], [0.3333333333333333, 0.4166666666666667, 0.25], [0.35714285714285715, 0.2857142857142857, 0.35714285714285715]]]}
{"transition tensor": [[[0.3125, 0.4375, 0.25], [0.25, 0.16666666666666666, 0.5833333333333334], [0.16666666666666666, 0.3333333333333333, 0.5]], [[0.4166666666666667, 0.16666666666666666, 0.4166666666666667], [0.2727272727272727, 0.18181818181818182, 0.5454545454545454], [0.1111111111111111, 0.2222222222222222, 0.6666666666666666]], [[0.25, 0.21428571428571427, 0.5357142857142857], [0.3333333333333333, 0.4166666666666667, 0.25], [0.35714285714285715, 0.2857142857142857, 0.35714285714285715]]]}
{"transition tensor": [[[0.3125, 0.4375, 0.25], [0.25, 0.16666666666666666, 0.5833333333333334], [0.16666666666666666, 0.3333333333333333, 0.5]], [[0.4166666666666667, 0.16666666666666666, 0.4166666666666667], [0.3333333333333333, 0.16666666666666666, 0.5], [0.1111111111111111, 0.2222222222222222, 0.6666666666666666]], [[0.25, 0.21428571428571427, 0.5357142857142857], [0.3333333333333333, 0.4166666666666667, 0.25], [0.35714285714285715, 0.2857142857142857, 0.35714285714285715]]]}
