{"transition tensor": [[[0.3333333333333333, 0.3333333333333333, 0.3333333333333333], [0.3333333333333333, 0.3333333333333333, 0.3333333333333333], [0.3333333333333333, 0.3333333333333333, 0.3333333333333333]], [[0.3333333333333333, 0.3333333333333333, 0.3333333333333333], [0.3333333333333333, 0.3333333333333333, 0.3333333333333333], [0.3333333333333333, 0.3333333333333333, 0.3333333333333333]], [[0.3333333333333333, 0.3333333333333333, 0.3333333333333333], [0.3333333333333333, 0.3333333333333333, 0.3333333333333333], [0.3333333333333333, 0.3333333333333333, 0.3333333333333333]]]}
{"transition tensor": [[[0.3333333333333333, 0.3333333333333333, 0.3333333333333333], [0.3333333333333333, 0.3333333333333333, 0.3333333333333333], [0.3333333333333333, 0.3333333333333333, 0.3333333333333333]], [[0.3333333333333333, 0.3333333333333333, 0.3333333333333333], [0.3333333333333333, 0.3333333333333333, 0.3333333333333333], [0.3333333333333333, 0.3333333333333333, 0.3333333333333333]], [[0.3333333333333333, 0.3333333333333333, 0.3333333333333333], [0.3333333333333333, 0.3333333333333333, 0.3333333333333333], [0.3333333333333333, 0.3333333333333333, 0.3333333333333333]]]}
{"transition tensor": [[[0.3333333333333333, 0.3333333333333333, 0.3333333333333333], [0.3333333333333333, 0.3333333333333333, 0.3333333333333333], [0.3333333333333333, 0.3333333333333333, 0.3333333333333333]], [[0.3333333333333333, 0.3333333333333333, 0.3333333333333333], [0.3333333333333333, 0.3333333333333333, 0.3333333333333333], [0.3333333333333333, 0.3333333333333333, 0.3333333333333333]], [[0.25, 0.5, 0.25], [0.3333333333333333, 0.3333333333333333, 0.3333333333333333], [0.3333333333333333, 0.3333333333333333, 0.3333333333333333]]]}
{"transition tensor": [[[0.3333333333333333, 0.3333333333333333, 0.3333333333333333], [0.3333333333333333, 0.3333333333333333, 0.3333333333333333], [0.3333333333333333, 0.3333333333333333, 0.3333333333333333]], [[0.5, 0.25, 0.25], [0.3333333333333333, 0.3333333333333333, 0.3333333333333333], [0.3333333333333333, 0.3333333333333333, 0.3333333333333333]], [[0.25, 0.5, 0.25], [0.3333333333333333, 0.3333333333333333, 0.3333333333333333], [0.3333333333333333, 0.3333333333333333, 0.3333333333333333]]]}
{"transition tensor": [[[0.3333333333333333, 0.3333333333333333, 0.3333333333333333], [0.3333333333333333, 0.3333333333333333, 0.3333333333333333], [0.25, 0.5, 0.25]], [[0.5, 0.25, 0.25], [0.3333333333333333, 0.3333333333333333, 0.3333333333333333], [0.3333333333333333, 0.3333333333333333, 0.3333333333333333]], [[0.25, 0.5, 0.25], [0.3333333333333333, 0.3333333333333333, 0.3333333333333333], [0.3333333333333333, 0.3333333333333333, 0.3333333333333333]]]}
{"transition tensor": [[[0.3333333333333333, 0.3333333333333333, 0.3333333333333333], [0.3333333333333333, 0.3333333333333333, 0.3333333333333333], [0.25, 0.5, 0.25]], [[0.6, 0.2, 0.2], [0.3333333333333333, 0.3333333333333333, 0.3333333333333333], [0.3333333333333333, 0.3333333333333333, 0.3333333333333333]], [[0.25, 0.5, 0.25], [0.3333333333333333, 0.3333333333333333, 0.3333333333333333], [0.3333333333333333, 0.3333333333333333, 0.3333333333333333]]]}
{"transition tensor": [[[0.3333333333333333, 0.3333333333333333, 0.3333333333333333], [0.3333333333333333, 0.3333333333333333, 0.3333333333333333], [0.4, 0.4, 0.2]], [[0.6, 0.2, 0.2], [0.3333333333333333, 0.3333333333333333, 0.3333333333333333], [0.3333333333333333, 0.3333333333333333, 0.3333333333333333]], [[0.25, 0.5, 0.25], [0.3333333333333333, 0.3333333333333333, 0.3333333333333333], [0.3333333333333333, 0.3333333333333333, 0.3333333333333333]]]}
{"transition tensor": [[[0.3333333333333333, 0.3333333333333333, 0.3333333333333333], [0.5, 0.25, 0.25], [0.4, 0.4, 0.2]], [[0.6, 0.2, 0.2], [0.3333333333333333, 0.3333333333333333, 0.3333333333333333], [0.3333333333333333, 0.3333333333333333, 0.3333333333333333]], [[0.25, 0.5, 0.25], [0.3333333333333333, 0.3333333333333333, 0.3333333333333333], [0.3333333333333333, 0.3333333333333333, 0.3333333333333333]]]}
{"transition tensor": [[[0.3333333333333333, 0.3333333333333333, 0.3333333333333333], [0.6, 0.2, 0.2], [0.4, 0.4, 0.2]], [[0.6, 0.2, 0.2], [0.3333333333333333, 0.3333333333333333, 0.3333333333333333], [0.3333333333333333, 0.3333333333333333, 0.3333333333333333]], [[0.25, 0.5, 0.25], [0.3333333333333333, 0.3333333333333333, 0.3333333333333333], [0.3333333333333333, 0.3333333333333333, 0.3333333333333333]]]}
{"transition tensor": [[[0.25, 0.5, 0.25], [0.6, 0.2, 0.2], [0.4, 0.4, 0.2]], [[0.6, 0.2, 0.2], [0.3333333333333333, 0.3333333333333333, 0.3333333333333333], [0.3333333333333333, 0.3333333333333333, 0.3333333333333333]], [[0.25, 0.5, 0.25], [0.3333333333333333, 0.3333333333333333, 0.3333333333333333], [0.3333333333333333, 0.3333333333333333, 0.3333333333333333]]]}
{"transition tensor": [[[0.25, 0.5, 0.25], [0.6, 0.2, 0.2], [0.4, 0.4, 0.2]], [[0.6, 0.2, 0.2], [0.5, 0.25, 0.25], [0.3333333333333333, 0.3333333333333333, 0.3333333333333333]], [[0.25, 0.5, 0.25], [0.3333333333333333, 0.3333333333333333, 0.3333333333333333], [0.3333333333333333, 0.3333333333333333, 0.3333333333333333]]]}
{"transition tensor": [[[0.25, 0.5, 0.25], [0.5, 0.16666666666666666, 0.3333333333333333], [0.4, 0.4, 0.2]], [[0.6, 0.2, 0.2], [0.5, 0.25, 0.25], [0.3333333333333333, 0.3333333333333333, 0.3333333333333333]], [[0.25, 0.5, 0.25], [0.3333333333333333, 0.3333333333333333, 0.3333333333333333], [0.3333333333333333, 0.3333333333333333, 0.3333333333333333]]]}
{"transition tensor": [[[0.25, 0.5, 0.25], [0.5, 0.16666666666666666, 0.3333333333333333], [0.4, 0.4, 0.2]], [[0.6, 0.2, 0.2], [0.5, 0.25, 0.25], [0.3333333333333333, 0.3333333333333333, 0.3333333333333333]], [[0.25, 0.5, 0.25], [0.25, 0.25, 0.5], [0.3333333333333333, 0.3333333333333333, 0.3333333333333333]]]}
{"transition tensor": [[[0.25, 0.5, 0.25], [0.5, 0.16666666666666666, 0.3333333333333333], [0.4, 0.4, 0.2]], [[0.6, 0.2, 0.2], [0.5, 0.25, 0.25], [0.3333333333333333, 0.3333333333333333, 0.3333333333333333]], [[0.25, 0.5, 0.25], [0.25, 0.25, 0.5], [0.25, 0.5, 0.25]]]}
{"transition tensor": [[[0.25, 0.5, 0.25], [0.5, 0.16666666666666666, 0.3333333333333333], [0.4, 0.4, 0.2]], [[0.6, 0.2, 0.2], [0.4, 0.2, 0.4], [0.3333333333333333, 0.3333333333333333, 0.3333333333333333]], [[0.25, 0.5, 0.25], [0.25, 0.25, 0.5], [0.25, 0.5, 0.25]]]}
{"transition tensor": [[[0.25, 0.5, 0.25], [0.5, 0.16666666666666666, 0.3333333333333333], [0.4, 0.4, 0.2]], [[0.6, 0.2, 0.2], [0.4, 0.2, 0.4], [0.3333333333333333, 0.3333333333333333, 0.3333333333333333]], [[0.4, 0.4, 0.2], [0.25, 0.25, 0.5], [0.25, 0.5, 0.25]]]}
{"transition tensor": [[[0.4, 0.4, 0.2], [0.5, 0.16666666666666666, 0.3333333333333333], [0.4, 0.4, 0.2]], [[0.6, 0.2, 0.2], [0.4, 0.2, 0.4], [0.3333333333333333, 0.3333333333333333, 0.3333333333333333]], [[0.4, 0.4, 0.2], [0.25, 0.25, 0.5], [0.25, 0.5, 0.25]]]}
{"transition tensor": [[[0.3333333333333333, 0.5, 0.16666666666666666], [0.5, 0.16666666666666666, 0.3333333333333333], [0.4, 0.4, 0.2]], [[0.6, 0.2, 0.2], [0.4, 0.2, 0.4], [0.3333333333333333, 0.3333333333333333, 0.3333333333333333]], [[0.4, 0.4, 0.2], [0.25, 0.25, 0.5], [0.25, 0.5, 0.25]]]}
{"transition tensor": [[[0.3333333333333333, 0.5, 0.16666666666666666], [0.5, 0.16666666666666666, 0.3333333333333333], [0.4, 0.4, 0.2]], [[0.6, 0.2, 0.2], [0.3333333333333333, 0.16666666666666666, 0.5], [0.3333333333333333, 0.3333333333333333, 0.3333333333333333]], [[0.4, 0.4, 0.2], [0.25, 0.25, 0.5], [0.25, 0.5, 0.25]]]}
{"transition tensor": [[[0.3333333333333333, 0.5, 0.16666666666666666], [0.5, 0.16666666666666666, 0.3333333333333333], [0.4, 0.4, 0.2]], [[0.6, 0.2, 0.2], [0.3333333333333333, 0.16666666666666666, 0.5], [0.3333333333333333, 0.3333333333333333, 0.3333333333333333]], [[0.5, 0.3333333333333333, 0.16666666666666666], [0.25, 0.25, 0.5], [0.25, 0.5, 0.25]]]}
{"transition tensor": [[[0.3333333333333333, 0.5, 0.16666666666666666], [0.5, 0.16666666666666666, 0.3333333333333333], [0.5, 0.3333333333333333, 0.16666666666666666]], [[0.6, 0.2, 0.2], [0.3333333333333333, 0.16666666666666666, 0.5], [0.3333333333333333, 0.3333333333333333, 0.3333333333333333]], [[0.5, 0.3333333333333333, 0.16666666666666666], [0.25, 0.25, 0.5], [0.25, 0.5, 0.25]]]}
{"transition tensor": [[[0.42857142857142855, 0.42857142857142855, 0.14285714285714285], [0.5, 0.16666666666666666, 0.3333333333333333], [0.5, 0.3333333333333333, 0.16666666666666666]], [[0.6, 0.2, 0.2], [0.3333333333333333, 0.16666666666666666, 0.5], [0.3333333333333333, 0.3333333333333333, 0.3333333333333333]], [[0.5, 0.3333333333333333, 0.16666666666666666], [0.25, 0.25, 0.5], [0.25, 0.5, 0.25]]]}
{"transition tensor": [[[0.42857142857142855, 0.42857142857142855, 0.14285714285714285], [0.42857142857142855, 0.14285714285714285, 0.42857142857142855], [0.5, 0.3333333333333333, 0.16666666666666666]], [[0.6, 0.2, 0.2], [0.3333333333333333, 0.16666666666666666, 0.5], [0.3333333333333333, 0.3333333333333333, 0.3333333333333333]], [[0.5, 0.3333333333333333, 0.16666666666666666], [0.25, 0.25, 0.5], [0.25, 0.5, 0.25]]]}
{"transition tensor": [[[0.42857142857142855, 0.42857142857142855, 0.14285714285714285], [0.42857142857142855, 0.14285714285714285, 0.42857142857142855], [0.5, 0.3333333333333333, 0.16666666666666666]], [[0.6, 0.2, 0.2], [0.3333333333333333, 0.16666666666666666, 0.5], [0.3333333333333333, 0.3333333333333333, 0.3333333333333333]], [[0.5, 0.3333333333333333, 0.16666666666666666], [0.25, 0.25, 0.5], [0.4, 0.4, 0.2]]]}
{"transition tensor": [[[0.5, 0.375, 0.125], [0.42857142857142855, 0.14285714285714285, 0.42857142857142855], [0.5, 0.3333333333333333, 0.16666666666666666]], [[0.6, 0.2, 0.2], [0.3333333333333333, 0.16666666666666666, 0.5], [0.3333333333333333, 0.3333333333333333, 0.3333333333333333]], [[0.5, 0.3333333333333333, 0.16666666666666666], [0.25, 0.25, 0.5], [0.4, 0.4, 0.2]]]}
{"transition tensor": [[[0.5555555555555556, 0.3333333333333333, 0.1111111111111111], [0.42857142857142855, 0.14285714285714285, 0.42857142857142855], [0.5, 0.3333333333333333, 0.16666666666666666]], [[0.6, 0.2, 0.2], [0.3333333333333333, 0.16666666666666666, 0.5], [0.3333333333333333, 0.3333333333333333, 0.3333333333333333]], [[0.5, 0.3333333333333333, 0.16666666666666666], [0.25, 0.25, 0.5], [0.4, 0.4, 0.2]]]}
{"transition tensor": [[[0.5555555555555556, 0.3333333333333333, 0.1111111111111111], [0.42857142857142855, 0.14285714285714285, 0.42857142857142855], [0.42857142857142855, 0.2857142857142857, 0.2857142857142857]], [[0.6, 0.2, 0.2], [0.3333333333333333, 0.16666666666666666, 0.5], [0.3333333333333333, 0.3333333333333333, 0.3333333333333333]], [[0.5, 0.3333333333333333, 0.16666666666666666], [0.25, 0.25, 0.5], [0.4, 0.4, 0.2]]]}
{"transition tensor": [[[0.5555555555555556, 0.3333333333333333, 0.1111111111111111], [0.42857142857142855, 0.14285714285714285, 0.42857142857142855], [0.42857142857142855, 0.2857142857142857, 0.2857142857142857]], [[0.6, 0.2, 0.2], [0.3333333333333333, 0.16666666666666666, 0.5], [0.3333333333333333, 0.3333333333333333, 0.3333333333333333]], [[0.5, 0.3333333333333333, 0.16666666666666666], [0.2, 0.2, 0.6], [0.4, 0.4, 0.2]]]}
{"transition tensor": [[[0.5555555555555556, 0.3333333333333333, 0.1111111111111111], [0.42857142857142855, 0.14285714285714285, 0.42857142857142855], [0.42857142857142855, 0.2857142857142857, 0.2857142857142857]], [[0.6, 0.2, 0.2], [0.3333333333333333, 0.16666666666666666, 0.5], [0.3333333333333333, 0.3333333333333333, 0.3333333333333333]], [[0.5, 0.3333333333333333, 0.16666666666666666], [0.16666666666666666, 0.16666666666666666, 0.6666666666666666], [0.4, 0.4, 0.2]]]}
{"transition tensor": [[[0.5555555555555556, 0.3333333333333333, 0.1111111111111111], [0.42857142857142855, 0.14285714285714285, 0.42857142857142855], [0.42857142857142855, 0.2857142857142857, 0.2857142857142857]], [[0.6, 0.2, 0.2], [0.3333333333333333, 0.16666666666666666, 0.5], [0.3333333333333333, 0.3333333333333333, 0.3333333333333333]], [[0.5714285714285714, 0.2857142857142857, 0.14285714285714285], [0.16666666666666666, 0.16666666666666666, 0.6666666666666666], [0.4, 0.4, 0.2]]]}
{"transition tensor": [[[0.5555555555555556, 0.3333333333333333, 0.1111111111111111], [0.375, 0.125, 0.5], [0.42857142857142855, 0.2857142857142857, 0.2857142857142857]], [[0.6, 0.2, 0.2], [0.3333333333333333, 0.16666666666666666, 0.5], [0.3333333333333333, 0.3333333333333333, 0.3333333333333333]], [[0.5714285714285714, 0.2857142857142857, 0.14285714285714285], [0.16666666666666666, 0.16666666666666666, 0.6666666666666666], [0.4, 0.4, 0.2]]]}
{"transition tensor": [[[0.5555555555555556, 0.3333333333333333, 0.1111111111111111], [0.375, 0.125, 0.5], [0.42857142857142855, 0.2857142857142857, 0.2857142857142857]], [[0.6, 0.2, 0.2], [0.3333333333333333, 0.16666666666666666, 0.5], [0.3333333333333333, 0.3333333333333333, 0.3333333333333333]], [[0.625, 0.25, 0.125], [0.16666666666666666, 0.16666666666666666, 0.6666666666666666], [0.4, 0.4, 0.2]]]}
{"transition tensor": [[[0.5555555555555556, 0.3333333333333333, 0.1111111111111111], [0.4444444444444444, 0.1111111111111111, 0.4444444444444444], [0.42857142857142855, 0.2857142857142857, 0.2857142857142857]], [[0.6, 0.2, 0.2], [0.3333333333333333, 0.16666666666666666, 0.5], [0.3333333333333333, 0.3333333333333333, 0.3333333333333333]], [[0.625, 0.25, 0.125], [0.16666666666666666, 0.16666666666666666, 0.6666666666666666], [0.4, 0.4, 0.2]]]}
{"transition tensor": [[[0.5, 0.3, 0.2], [0.4444444444444444, 0.1111111111111111, 0.4444444444444444], [0.42857142857142855, 0.2857142857142857, 0.2857142857142857]], [[0.6, 0.2, 0.2], [0.3333333333333333, 0.16666666666666666, 0.5], [0.3333333333333333, 0.3333333333333333, 0.3333333333333333]], [[0.625, 0.25, 0.125], [0.16666666666666666, 0.16666666666666666, 0.6666666666666666], [0.4, 0.4, 0.2]]]}
{"transition tensor": [[[0.5, 0.3, 0.2], [0.4444444444444444, 0.1111111111111111, 0.4444444444444444], [0.42857142857142855, 0.2857142857142857, 0.2857142857142857]], [[0.6, 0.2, 0.2], [0.3333333333333333, 0.16666666666666666, 0.5], [0.3333333333333333, 0.3333333333333333, 0.3333333333333333]], [[0.5555555555555556, 0.3333333333333333, 0.1111111111111111], [0.16666666666666666, 0.16666666666666666, 0.6666666666666666], [0.4, 0.4, 0.2]]]}
{"transition tensor": [[[0.5, 0.3, 0.2], [0.4444444444444444, 0.1111111111111111, 0.4444444444444444], [0.42857142857142855, 0.2857142857142857, 0.2857142857142857]], [[0.6, 0.2, 0.2], [0.3333333333333333, 0.16666666666666666, 0.5], [0.25, 0.5, 0.25]], [[0.5555555555555556, 0.3333333333333333, 0.1111111111111111], [0.16666666666666666, 0.16666666666666666, 0.6666666666666666], [0.4, 0.4, 0.2]]]}
{"transition tensor": [[[0.5, 0.3, 0.2], [0.4444444444444444, 0.1111111111111111, 0.4444444444444444], [0.42857142857142855, 0.2857142857142857, 0.2857142857142857]], [[0.5, 0.16666666666666666, 0.3333333333333333], [0.3333333333333333, 0.16666666666666666, 0.5], [0.25, 0.5, 0.25]], [[0.5555555555555556, 0.3333333333333333, 0.1111111111111111], [0.16666666666666666, 0.16666666666666666, 0.6666666666666666], [0.4, 0.4, 0.2]]]}
{"transition tensor": [[[0.5, 0.3, 0.2], [0.4444444444444444, 0.1111111111111111, 0.4444444444444444], [0.42857142857142855, 0.2857142857142857, 0.2857142857142857]], [[0.5, 0.16666666666666666, 0.3333333333333333], [0.3333333333333333, 0.16666666666666666, 0.5], [0.25, 0.5, 0.25]], [[0.5555555555555556, 0.3333333333333333, 0.1111111111111111], [0.14285714285714285, 0.14285714285714285, 0.7142857142857143], [0.4, 0.4, 0.2]]]}
{"transition tensor": [[[0.5, 0.3, 0.2], [0.4444444444444444, 0.1111111111111111, 0.4444444444444444], [0.42857142857142855, 0.2857142857142857, 0.2857142857142857]], [[0.5, 0.16666666666666666, 0.3333333333333333], [0.3333333333333333, 0.16666666666666666, 0.5], [0.25, 0.5, 0.25]], [[0.5, 0.3, 0.2], [0.14285714285714285, 0.14285714285714285, 0.7142857142857143], [0.4, 0.4, 0.2]]]}
{"transition tensor": [[[0.5, 0.3, 0.2], [0.4444444444444444, 0.1111111111111111, 0.4444444444444444], [0.42857142857142855, 0.2857142857142857, 0.2857142857142857]], [[0.5, 0.16666666666666666, 0.3333333333333333], [0.3333333333333333, 0.16666666666666666, 0.5], [0.25, 0.5, 0.25]], [[0.45454545454545453, 0.36363636363636365, 0.18181818181818182], [0.14285714285714285, 0.14285714285714285, 0.7142857142857143], [0.4, 0.4, 0.2]]]}
{"transition tensor": [[[0.5, 0.3, 0.2], [0.4444444444444444, 0.1111111111111111, 0.4444444444444444], [0.42857142857142855, 0.2857142857142857, 0.2857142857142857]], [[0.5, 0.16666666666666666, 0.3333333333333333], [0.2857142857142857, 0.2857142857142857, 0.42857142857142855], [0.25, 0.5, 0.25]], [[0.45454545454545453, 0.36363636363636365, 0.18181818181818182], [0.14285714285714285, 0.14285714285714285, 0.7142857142857143], [0.4, 0.4, 0.2]]]}
{"transition tensor": [[[0.5, 0.3, 0.2], [0.4444444444444444, 0.1111111111111111, 0.4444444444444444], [0.42857142857142855, 0.2857142857142857, 0.2857142857142857]], [[0.42857142857142855, 0.14285714285714285, 0.42857142857142855], [0.2857142857142857, 0.2857142857142857, 0.42857142857142855], [0.25, 0.5, 0.25]], [[0.45454545454545453, 0.36363636363636365, 0.18181818181818182], [0.14285714285714285, 0.14285714285714285, 0.7142857142857143], [0.4, 0.4, 0.2]]]}
{"transition tensor": [[[0.5, 0.3, 0.2], [0.4444444444444444, 0.1111111111111111, 0.4444444444444444], [0.42857142857142855, 0.2857142857142857, 0.2857142857142857]], [[0.42857142857142855, 0.14285714285714285, 0.42857142857142855], [0.2857142857142857, 0.2857142857142857, 0.42857142857142855], [0.25, 0.5, 0.25]], [[0.45454545454545453, 0.36363636363636365, 0.18181818181818182], [0.14285714285714285, 0.14285714285714285, 0.7142857142857143], [0.5, 0.3333333333333333, 0.16666666666666666]]]}
{"transition tensor": [[[0.5, 0.3, 0.2], [0.4444444444444444, 0.1111111111111111, 0.4444444444444444], [0.5, 0.25, 0.25]], [[0.42857142857142855, 0.14285714285714285, 0.42857142857142855], [0.2857142857142857, 0.2857142857142857, 0.42857142857142855], [0.25, 0.5, 0.25]], [[0.45454545454545453, 0.36363636363636365, 0.18181818181818182], [0.14285714285714285, 0.14285714285714285, 0.7142857142857143], [0.5, 0.3333333333333333, 0.16666666666666666]]]}
{"transition tensor": [[[0.45454545454545453, 0.36363636363636365, 0.18181818181818182], [0.4444444444444444, 0.1111111111111111, 0.4444444444444444], [0.5, 0.25, 0.25]], [[0.42857142857142855, 0.14285714285714285, 0.42857142857142855], [0.2857142857142857, 0.2857142857142857, 0.42857142857142855], [0.25, 0.5, 0.25]], [[0.45454545454545453, 0.36363636363636365, 0.18181818181818182], [0.14285714285714285, 0.14285714285714285, 0.7142857142857143], [0.5, 0.3333333333333333, 0.16666666666666666]]]}
{"transition tensor": [[[0.45454545454545453, 0.36363636363636365, 0.18181818181818182], [0.4444444444444444, 0.1111111111111111, 0.4444444444444444], [0.5, 0.25, 0.25]], [[0.42857142857142855, 0.14285714285714285, 0.42857142857142855], [0.25, 0.25, 0.5], [0.25, 0.5, 0.25]], [[0.45454545454545453, 0.36363636363636365, 0.18181818181818182], [0.14285714285714285, 0.14285714285714285, 0.7142857142857143], [0.5, 0.3333333333333333, 0.16666666666666666]]]}
{"transition tensor": [[[0.45454545454545453, 0.36363636363636365, 0.18181818181818182], [0.4444444444444444, 0.1111111111111111, 0.4444444444444444], [0.5, 0.25, 0.25]], [[0.42857142857142855, 0.14285714285714285, 0.42857142857142855], [0.25, 0.25, 0.5], [0.25, 0.5, 0.25]], [[0.45454545454545453, 0.36363636363636365, 0.18181818181818182], [0.14285714285714285, 0.14285714285714285, 0.7142857142857143], [0.42857142857142855, 0.2857142857142857, 0.2857142857142857]]]}
{"transition tensor": [[[0.45454545454545453, 0.36363636363636365, 0.18181818181818182], [0.4444444444444444, 0.1111111111111111, 0.4444444444444444], [0.5, 0.25, 0.25]], [[0.42857142857142855, 0.14285714285714285, 0.42857142857142855], [0.25, 0.25, 0.5], [0.25, 0.5, 0.25]], [[0.45454545454545453, 0.36363636363636365, 0.18181818181818182], [0.25, 0.125, 0.625], [0.42857142857142855, 0.2857142857142857, 0.2857142857142857]]]}
{"transition tensor": [[[0.45454545454545453, 0.36363636363636365, 0.18181818181818182], [0.5, 0.1, 0.4], [0.5, 0.25, 0.25]], [[0.42857142857142855, 0.14285714285714285, 0.42857142857142855], [0.25, 0.25, 0.5], [0.25, 0.5, 0.25]], [[0.45454545454545453, 0.36363636363636365, 0.18181818181818182], [0.25, 0.125, 0.625], [0.42857142857142855, 0.2857142857142857, 0.2857142857142857]]]}
{"transition tensor": [[[0.45454545454545453, 0.36363636363636365, 0.18181818181818182], [0.45454545454545453, 0.09090909090909091, 0.45454545454545453], [0.5, 0.25, 0.25]], [[0.42857142857142855, 0.14285714285714285, 0.42857142857142855], [0.25, 0.25, 0.5], [0.25, 0.5, 0.25]], [[0.45454545454545453, 0.36363636363636365, 0.18181818181818182], [0.25, 0.125, 0.625], [0.42857142857142855, 0.2857142857142857, 0.2857142857142857]]]}
{"transition tensor": [[[0.45454545454545453, 0.36363636363636365, 0.18181818181818182], [0.45454545454545453, 0.09090909090909091, 0.45454545454545453], [0.5, 0.25, 0.25]], [[0.42857142857142855, 0.14285714285714285, 0.42857142857142855], [0.25, 0.25, 0.5], [0.25, 0.5, 0.25]], [[0.45454545454545453, 0.36363636363636365, 0.18181818181818182], [0.3333333333333333, 0.1111111111111111, 0.5555555555555556], [0.42857142857142855, 0.2857142857142857, 0.2857142857142857]]]}
{"transition tensor": [[[0.45454545454545453, 0.36363636363636365, 0.18181818181818182], [0.4166666666666667, 0.16666666666666666, 0.4166666666666667], [0.5, 0.25, 0.25]], [[0.42857142857142855, 0.14285714285714285, 0.42857142857142855], [0.25, 0.25, 0.5], [0.25, 0.5, 0.25]], [[0.45454545454545453, 0.36363636363636365, 0.18181818181818182], [0.3333333333333333, 0.1111111111111111, 0.5555555555555556], [0.42857142857142855, 0.2857142857142857, 0.2857142857142857]]]}
{"transition tensor": [[[0.45454545454545453, 0.36363636363636365, 0.18181818181818182], [0.4166666666666667, 0.16666666666666666, 0.4166666666666667], [0.5, 0.25, 0.25]], [[0.375, 0.25, 0.375], [0.25, 0.25, 0.5], [0.25, 0.5, 0.25]], [[0.45454545454545453, 0.36363636363636365, 0.18181818181818182], [0.3333333333333333, 0.1111111111111111, 0.5555555555555556], [0.42857142857142855, 0.2857142857142857, 0.2857142857142857]]]}
{"transition tensor": [[[0.45454545454545453, 0.36363636363636365, 0.18181818181818182], [0.4166666666666667, 0.16666666666666666, 0.4166666666666667], [0.5, 0.25, 0.25]], [[0.375, 0.25, 0.375], [0.25, 0.25, 0.5], [0.2, 0.4, 0.4]], [[0.45454545454545453, 0.36363636363636365, 0.18181818181818182], [0.3333333333333333, 0.1111111111111111, 0.5555555555555556], [0.42857142857142855, 0.2857142857142857, 0.2857142857142857]]]}
{"transition tensor": [[[0.45454545454545453, 0.36363636363636365, 0.18181818181818182], [0.4166666666666667, 0.16666666666666666, 0.4166666666666667], [0.5, 0.25, 0.25]], [[0.375, 0.25, 0.375], [0.25, 0.25, 0.5], [0.2, 0.4, 0.4]], [[0.45454545454545453, 0.36363636363636365, 0.18181818181818182], [0.4, 0.1, 0.5], [0.42857142857142855, 0.2857142857142857, 0.2857142857142857]]]}
{"transition tensor": [[[0.4166666666666667, 0.3333333333333333, 0.25], [0.4166666666666667, 0.16666666666666666, 0.4166666666666667], [0.5, 0.25, 0.25]], [[0.375, 0.25, 0.375], [0.25, 0.25, 0.5], [0.2, 0.4, 0.4]], [[0.45454545454545453, 0.36363636363636365, 0.18181818181818182], [0.4, 0.1, 0.5], [0.42857142857142855, 0.2857142857142857, 0.2857142857142857]]]}
{"transition tensor": [[[0.4166666666666667, 0.3333333333333333, 0.25], [0.4166666666666667, 0.16666666666666666, 0.4166666666666667], [0.5, 0.25, 0.25]], [[0.375, 0.25, 0.375], [0.25, 0.25, 0.5], [0.2, 0.4, 0.4]], [[0.45454545454545453, 0.36363636363636365, 0.18181818181818182], [0.4, 0.1, 0.5], [0.5, 0.25, 0.25]]]}
{"transition tensor": [[[0.4166666666666667, 0.3333333333333333, 0.25], [0.38461538461538464, 0.23076923076923078, 0.38461538461538464], [0.5, 0.25, 0.25]], [[0.375, 0.25, 0.375], [0.25, 0.25, 0.5], [0.2, 0.4, 0.4]], [[0.45454545454545453, 0.36363636363636365, 0.18181818181818182], [0.4, 0.1, 0.5], [0.5, 0.25, 0.25]]]}
{"transition tensor": [[[0.4166666666666667, 0.3333333333333333, 0.25], [0.38461538461538464, 0.23076923076923078, 0.38461538461538464], [0.5, 0.25, 0.25]], [[0.375, 0.25, 0.375], [0.3333333333333333, 0.2222222222222222, 0.4444444444444444], [0.2, 0.4, 0.4]], [[0.45454545454545453, 0.36363636363636365, 0.18181818181818182], [0.4, 0.1, 0.5], [0.5, 0.25, 0.25]]]}
{"transition tensor": [[[0.4166666666666667, 0.3333333333333333, 0.25], [0.35714285714285715, 0.21428571428571427, 0.42857142857142855], [0.5, 0.25, 0.25]], [[0.375, 0.25, 0.375], [0.3333333333333333, 0.2222222222222222, 0.4444444444444444], [0.2, 0.4, 0.4]], [[0.45454545454545453, 0.36363636363636365, 0.18181818181818182], [0.4, 0.1, 0.5], [0.5, 0.25, 0.25]]]}
{"transition tensor": [[[0.4166666666666667, 0.3333333333333333, 0.25], [0.35714285714285715, 0.21428571428571427, 0.42857142857142855], [0.5, 0.25, 0.25]], [[0.375, 0.25, 0.375], [0.3333333333333333, 0.2222222222222222, 0.4444444444444444], [0.2, 0.4, 0.4]], [[0.5, 0.3333333333333333, 0.16666666666666666], [0.4, 0.1, 0.5], [0.5, 0.25, 0.25]]]}
{"transition tensor": [[[0.38461538461538464, 0.38461538461538464, 0.23076923076923078], [0.35714285714285715, 0.21428571428571427, 0.42857142857142855], [0.5, 0.25, 0.25]], [[0.375, 0.25, 0.375], [0.3333333333333333, 0.2222222222222222, 0.4444444444444444], [0.2, 0.4, 0.4]], [[0.5, 0.3333333333333333, 0.16666666666666666], [0.4, 0.1, 0.5], [0.5, 0.25, 0.25]]]}
{"transition tensor": [[[0.38461538461538464, 0.38461538461538464, 0.23076923076923078], [0.35714285714285715, 0.21428571428571427, 0.42857142857142855], [0.5, 0.25, 0.25]], [[0.375, 0.25, 0.375], [0.3, 0.2, 0.5], [0.2, 0.4, 0.4]], [[0.5, 0.3333333333333333, 0.16666666666666666], [0.4, 0.1, 0.5], [0.5, 0.25, 0.25]]]}
{"transition tensor": [[[0.38461538461538464, 0.38461538461538464, 0.23076923076923078], [0.35714285714285715, 0.21428571428571427, 0.42857142857142855], [0.5, 0.25, 0.25]], [[0.375, 0.25, 0.375], [0.3, 0.2, 0.5], [0.2, 0.4, 0.4]], [[0.5, 0.3333333333333333, 0.16666666666666666], [0.36363636363636365, 0.18181818181818182, 0.45454545454545453], [0.5, 0.25, 0.25]]]}
{"transition tensor": [[[0.38461538461538464, 0.38461538461538464, 0.23076923076923078], [0.35714285714285715, 0.21428571428571427, 0.42857142857142855], [0.5, 0.25, 0.25]], [[0.375, 0.25, 0.375], [0.2727272727272727, 0.18181818181818182, 0.5454545454545454], [0.2, 0.4, 0.4]], [[0.5, 0.3333333333333333, 0.16666666666666666], [0.36363636363636365, 0.18181818181818182, 0.45454545454545453], [0.5, 0.25, 0.25]]]}
{"transition tensor": [[[0.38461538461538464, 0.38461538461538464, 0.23076923076923078], [0.35714285714285715, 0.21428571428571427, 0.42857142857142855], [0.5, 0.25, 0.25]], [[0.375, 0.25, 0.375], [0.2727272727272727, 0.18181818181818182, 0.5454545454545454], [0.2, 0.4, 0.4]], [[0.5, 0.3333333333333333, 0.16666666666666666], [0.3333333333333333, 0.16666666666666666, 0.5], [0.5, 0.25, 0.25]]]}
{"transition tensor": [[[0.38461538461538464, 0.38461538461538464, 0.23076923076923078], [0.35714285714285715, 0.21428571428571427, 0.42857142857142855], [0.5, 0.25, 0.25]], [[0.375, 0.25, 0.375], [0.2727272727272727, 0.18181818181818182, 0.5454545454545454], [0.2, 0.4, 0.4]], [[0.46153846153846156, 0.38461538461538464, 0.15384615384615385], [0.3333333333333333, 0.16666666666666666, 0.5], [0.5, 0.25, 0.25]]]}
{"transition tensor": [[[0.38461538461538464, 0.38461538461538464, 0.23076923076923078], [0.35714285714285715, 0.21428571428571427, 0.42857142857142855], [0.5, 0.25, 0.25]], [[0.375, 0.25, 0.375], [0.25, 0.16666666666666666, 0.5833333333333334], [0.2, 0.4, 0.4]], [[0.46153846153846156, 0.38461538461538464, 0.15384615384615385], [0.3333333333333333, 0.16666666666666666, 0.5], [0.5, 0.25, 0.25]]]}
{"transition tensor": [[[0.38461538461538464, 0.38461538461538464, 0.23076923076923078], [0.35714285714285715, 0.21428571428571427, 0.42857142857142855], [0.5, 0.25, 0.25]], [[0.375, 0.25, 0.375], [0.25, 0.16666666666666666, 0.5833333333333334], [0.2, 0.4, 0.4]], [[0.46153846153846156, 0.38461538461538464, 0.15384615384615385], [0.3076923076923077, 0.23076923076923078, 0.46153846153846156], [0.5, 0.25, 0.25]]]}
{"transition tensor": [[[0.38461538461538464, 0.38461538461538464, 0.23076923076923078], [0.35714285714285715, 0.21428571428571427, 0.42857142857142855], [0.5, 0.25, 0.25]], [[0.3333333333333333, 0.2222222222222222, 0.4444444444444444], [0.25, 0.16666666666666666, 0.5833333333333334], [0.2, 0.4, 0.4]], [[0.46153846153846156, 0.38461538461538464, 0.15384615384615385], [0.3076923076923077, 0.23076923076923078, 0.46153846153846156], [0.5, 0.25, 0.25]]]}
{"transition tensor": [[[0.38461538461538464, 0.38461538461538464, 0.23076923076923078], [0.35714285714285715, 0.21428571428571427, 0.42857142857142855], [0.5, 0.25, 0.25]], [[0.3333333333333333, 0.2222222222222222, 0.4444444444444444], [0.25, 0.16666666666666666, 0.5833333333333334], [0.2, 0.4, 0.4]], [[0.46153846153846156, 0.38461538461538464, 0.15384615384615385], [0.2857142857142857, 0.21428571428571427, 0.5], [0.5, 0.25, 0.25]]]}
{"transition tensor": [[[0.38461538461538464, 0.38461538461538464, 0.23076923076923078], [0.35714285714285715, 0.21428571428571427, 0.42857142857142855], [0.5, 0.25, 0.25]], [[0.3333333333333333, 0.2222222222222222, 0.4444444444444444], [0.25, 0.16666666666666666, 0.5833333333333334], [0.2, 0.4, 0.4]], [[0.42857142857142855, 0.35714285714285715, 0.21428571428571427], [0.2857142857142857, 0.21428571428571427, 0.5], [0.5, 0.25, 0.25]]]}
{"transition tensor": [[[0.38461538461538464, 0.38461538461538464, 0.23076923076923078], [0.35714285714285715, 0.21428571428571427, 0.42857142857142855], [0.5, 0.25, 0.25]], [[0.3333333333333333, 0.2222222222222222, 0.4444444444444444], [0.25, 0.16666666666666666, 0.5833333333333334], [0.2, 0.4, 0.4]], [[0.42857142857142855, 0.35714285714285715, 0.21428571428571427], [0.2857142857142857, 0.21428571428571427, 0.5], [0.4444444444444444, 0.3333333333333333, 0.2222222222222222]]]}
{"transition tensor": [[[0.38461538461538464, 0.38461538461538464, 0.23076923076923078], [0.35714285714285715, 0.21428571428571427, 0.42857142857142855], [0.5, 0.25, 0.25]], [[0.3333333333333333, 0.2222222222222222, 0.4444444444444444], [0.23076923076923078, 0.15384615384615385, 0.6153846153846154], [0.2, 0.4, 0.4]], [[0.42857142857142855, 0.35714285714285715, 0.21428571428571427], [0.2857142857142857, 0.21428571428571427, 0.5], [0.4444444444444444, 0.3333333333333333, 0.2222222222222222]]]}
{"transition tensor": [[[0.38461538461538464, 0.38461538461538464, 0.23076923076923078], [0.35714285714285715, 0.21428571428571427, 0.42857142857142855], [0.5, 0.25, 0.25]], [[0.3333333333333333, 0.2222222222222222, 0.4444444444444444], [0.23076923076923078, 0.15384615384615385, 0.6153846153846154], [0.2, 0.4, 0.4]], [[0.4, 0.4, 0.2], [0.2857142857142857, 0.21428571428571427, 0.5], [0.4444444444444444, 0.3333333333333333, 0.2222222222222222]]]}
{"transition tensor": [[[0.38461538461538464, 0.38461538461538464, 0.23076923076923078], [0.35714285714285715, 0.21428571428571427, 0.42857142857142855], [0.5, 0.25, 0.25]], [[0.3, 0.2, 0.5], [0.23076923076923078, 0.15384615384615385, 0.6153846153846154], [0.2, 0.4, 0.4]], [[0.4, 0.4, 0.2], [0.2857142857142857, 0.21428571428571427, 0.5], [0.4444444444444444, 0.3333333333333333, 0.2222222222222222]]]}
{"transition tensor": [[[0.38461538461538464, 0.38461538461538464, 0.23076923076923078], [0.35714285714285715, 0.21428571428571427, 0.42857142857142855], [0.5, 0.25, 0.25]], [[0.3, 0.2, 0.5], [0.23076923076923078, 0.15384615384615385, 0.6153846153846154], [0.2, 0.4, 0.4]], [[0.4, 0.4, 0.2], [0.26666666666666666, 0.2, 0.5333333333333333], [0.4444444444444444, 0.3333333333333333, 0.2222222222222222]]]}
{"transition tensor": [[[0.38461538461538464, 0.38461538461538464, 0.23076923076923078], [0.35714285714285715, 0.21428571428571427, 0.42857142857142855], [0.5, 0.25, 0.25]], [[0.3, 0.2, 0.5], [0.23076923076923078, 0.15384615384615385, 0.6153846153846154], [0.2, 0.4, 0.4]], [[0.4, 0.4, 0.2], [0.25, 0.1875, 0.5625], [0.4444444444444444, 0.3333333333333333, 0.2222222222222222]]]}
{"transition tensor": [[[0.38461538461538464, 0.38461538461538464, 0.23076923076923078], [0.35714285714285715, 0.21428571428571427, 0.42857142857142855], [0.5, 0.25, 0.25]], [[0.3, 0.2, 0.5], [0.23076923076923078, 0.15384615384615385, 0.6153846153846154], [0.2, 0.4, 0.4]], [[0.375, 0.4375, 0.1875], [0.25, 0.1875, 0.5625], [0.4444444444444444, 0.3333333333333333, 0.2222222222222222]]]}
{"transition tensor": [[[0.38461538461538464, 0.38461538461538464, 0.23076923076923078], [0.35714285714285715, 0.21428571428571427, 0.42857142857142855], [0.5, 0.25, 0.25]], [[0.36363636363636365, 0.18181818181818182, 0.45454545454545453], [0.23076923076923078, 0.15384615384615385, 0.6153846153846154], [0.2, 0.4, 0.4]], [[0.375, 0.4375, 0.1875], [0.25, 0.1875, 0.5625], [0.4444444444444444, 0.3333333333333333, 0.2222222222222222]]]}
{"transition tensor": [[[0.38461538461538464, 0.38461538461538464, 0.23076923076923078], [0.4, 0.2, 0.4], [0.5, 0.25, 0.25]], [[0.36363636363636365, 0.18181818181818182, 0.45454545454545453], [0.23076923076923078, 0.15384615384615385, 0.6153846153846154], [0.2, 0.4, 0.4]], [[0.375, 0.4375, 0.1875], [0.25, 0.1875, 0.5625], [0.4444444444444444, 0.3333333333333333, 0.2222222222222222]]]}
{"transition tensor": [[[0.38461538461538464, 0.38461538461538464, 0.23076923076923078], [0.4375, 0.1875, 0.375], [0.5, 0.25, 0.25]], [[0.36363636363636365, 0.18181818181818182, 0.45454545454545453], [0.23076923076923078, 0.15384615384615385, 0.6153846153846154], [0.2, 0.4, 0.4]], [[0.375, 0.4375, 0.1875], [0.25, 0.1875, 0.5625], [0.4444444444444444, 0.3333333333333333, 0.2222222222222222]]]}
{"transition tensor": [[[0.42857142857142855, 0.35714285714285715, 0.21428571428571427], [0.4375, 0.1875, 0.375], [0.5, 0.25, 0.25]], [[0.36363636363636365, 0.18181818181818182, 0.45454545454545453], [0.23076923076923078, 0.15384615384615385, 0.6153846153846154], [0.2, 0.4, 0.4]], [[0.375, 0.4375, 0.1875], [0.25, 0.1875, 0.5625], [0.4444444444444444, 0.3333333333333333, 0.2222222222222222]]]}
{"transition tensor": [[[0.42857142857142855, 0.35714285714285715, 0.21428571428571427], [0.4375, 0.1875, 0.375], [0.4444444444444444, 0.3333333333333333, 0.2222222222222222]], [[0.36363636363636365, 0.18181818181818182, 0.45454545454545453], [0.23076923076923078, 0.15384615384615385, 0.6153846153846154], [0.2, 0.4, 0.4]], [[0.375, 0.4375, 0.1875], [0.25, 0.1875, 0.5625], [0.4444444444444444, 0.3333333333333333, 0.2222222222222222]]]}
{"transition tensor": [[[0.42857142857142855, 0.35714285714285715, 0.21428571428571427], [0.4375, 0.1875, 0.375], [0.4444444444444444, 0.3333333333333333, 0.2222222222222222]], [[0.4166666666666667, 0.16666666666666666, 0.4166666666666667], [0.23076923076923078, 0.15384615384615385, 0.6153846153846154], [0.2, 0.4, 0.4]], [[0.375, 0.4375, 0.1875], [0.25, 0.1875, 0.5625], [0.4444444444444444, 0.3333333333333333, 0.2222222222222222]]]}
{"transition tensor": [[[0.42857142857142855, 0.35714285714285715, 0.21428571428571427], [0.4375, 0.1875, 0.375], [0.4, 0.3, 0.3]], [[0.4166666666666667, 0.16666666666666666, 0.4166666666666667], [0.23076923076923078, 0.15384615384615385, 0.6153846153846154], [0.2, 0.4, 0.4]], [[0.375, 0.4375, 0.1875], [0.25, 0.1875, 0.5625], [0.4444444444444444, 0.3333333333333333, 0.2222222222222222]]]}
{"transition tensor": [[[0.42857142857142855, 0.35714285714285715, 0.21428571428571427], [0.4375, 0.1875, 0.375], [0.4, 0.3, 0.3]], [[0.4166666666666667, 0.16666666666666666, 0.4166666666666667], [0.23076923076923078, 0.15384615384615385, 0.6153846153846154], [0.2, 0.4, 0.4]], [[0.375, 0.4375, 0.1875], [0.25, 0.1875, 0.5625], [0.4, 0.3, 0.3]]]}
{"transition tensor": [[[0.42857142857142855, 0.35714285714285715, 0.21428571428571427], [0.4375, 0.1875, 0.375], [0.4, 0.3, 0.3]], [[0.4166666666666667, 0.16666666666666666, 0.4166666666666667], [0.23076923076923078, 0.15384615384615385, 0.6153846153846154], [0.2, 0.4, 0.4]], [[0.375, 0.4375, 0.1875], [0.23529411764705882, 0.23529411764705882, 0.5294117647058824], [0.4, 0.3, 0.3]]]}
{"transition tensor": [[[0.42857142857142855, 0.35714285714285715, 0.21428571428571427], [0.4375, 0.1875, 0.375], [0.4, 0.3, 0.3]], [[0.38461538461538464, 0.23076923076923078, 0.38461538461538464], [0.23076923076923078, 0.15384615384615385, 0.6153846153846154], [0.2, 0.4, 0.4]], [[0.375, 0.4375, 0.1875], [0.23529411764705882, 0.23529411764705882, 0.5294117647058824], [0.4, 0.3, 0.3]]]}
{"transition tensor": [[[0.42857142857142855, 0.35714285714285715, 0.21428571428571427], [0.4375, 0.1875, 0.375], [0.4, 0.3, 0.3]], [[0.42857142857142855, 0.21428571428571427, 0.35714285714285715], [0.23076923076923078, 0.15384615384615385, 0.6153846153846154], [0.2, 0.4, 0.4]], [[0.375, 0.4375, 0.1875], [0.23529411764705882, 0.23529411764705882, 0.5294117647058824], [0.4, 0.3, 0.3]]]}
{"transition tensor": [[[0.4, 0.3333333333333333, 0.26666666666666666], [0.4375, 0.1875, 0.375], [0.4, 0.3, 0.3]], [[0.42857142857142855, 0.21428571428571427, 0.35714285714285715], [0.23076923076923078, 0.15384615384615385, 0.6153846153846154], [0.2, 0.4, 0.4]], [[0.375, 0.4375, 0.1875], [0.23529411764705882, 0.23529411764705882, 0.5294117647058824], [0.4, 0.3, 0.3]]]}
{"transition tensor": [[[0.4, 0.3333333333333333, 0.26666666666666666], [0.4375, 0.1875, 0.375], [0.4, 0.3, 0.3]], [[0.42857142857142855, 0.21428571428571427, 0.35714285714285715], [0.23076923076923078, 0.15384615384615385, 0.6153846153846154], [0.2, 0.4, 0.4]], [[0.4117647058823529, 0.4117647058823529, 0.17647058823529413], [0.23529411764705882, 0.23529411764705882, 0.5294117647058824], [0.4, 0.3, 0.3]]]}
{"transition tensor": [[[0.4375, 0.3125, 0.25], [0.4375, 0.1875, 0.375], [0.4, 0.3, 0.3]], [[0.42857142857142855, 0.21428571428571427, 0.35714285714285715], [0.23076923076923078, 0.15384615384615385, 0.6153846153846154], [0.2, 0.4, 0.4]], [[0.4117647058823529, 0.4117647058823529, 0.17647058823529413], [0.23529411764705882, 0.23529411764705882, 0.5294117647058824], [0.4, 0.3, 0.3]]]}
{"transition tensor": [[[0.4375, 0.3125, 0.25], [0.4117647058823529, 0.17647058823529413, 0.4117647058823529], [0.4, 0.3, 0.3]], [[0.42857142857142855, 0.21428571428571427, 0.35714285714285715], [0.23076923076923078, 0.15384615384615385, 0.6153846153846154], [0.2, 0.4, 0.4]], [[0.4117647058823529, 0.4117647058823529, 0.17647058823529413], [0.23529411764705882, 0.23529411764705882, 0.5294117647058824], [0.4, 0.3, 0.3]]]}
{"transition tensor": [[[0.4375, 0.3125, 0.25], [0.4117647058823529, 0.17647058823529413, 0.4117647058823529], [0.4, 0.3, 0.3]], [[0.42857142857142855, 0.21428571428571427, 0.35714285714285715], [0.23076923076923078, 0.15384615384615385, 0.6153846153846154], [0.2, 0.4, 0.4]], [[0.3888888888888889, 0.3888888888888889, 0.2222222222222222], [0.23529411764705882, 0.23529411764705882, 0.5294117647058824], [0.4, 0.3, 0.3]]]}
{"transition tensor": [[[0.4375, 0.3125, 0.25], [0.4117647058823529, 0.17647058823529413, 0.4117647058823529], [0.4, 0.3, 0.3]], [[0.42857142857142855, 0.21428571428571427, 0.35714285714285715], [0.23076923076923078, 0.15384615384615385, 0.6153846153846154], [0.2, 0.4, 0.4]], [[0.3888888888888889, 0.3888888888888889, 0.2222222222222222], [0.2222222222222222, 0.2222222222222222, 0.5555555555555556], [0.4, 0.3, 0.3]]]}
{"transition tensor": [[[0.4375, 0.3125, 0.25], [0.4117647058823529, 0.17647058823529413, 0.4117647058823529], [0.4, 0.3, 0.3]], [[0.42857142857142855, 0.21428571428571427, 0.35714285714285715], [0.23076923076923078, 0.15384615384615385, 0.6153846153846154], [0.2, 0.4, 0.4]], [[0.3888888888888889, 0.3888888888888889, 0.2222222222222222], [0.2631578947368421, 0.21052631578947367, 0.5263157894736842], [0.4, 0.3, 0.3]]]}
